


<<< NEW FLIGHT DATA >>>


-0.012216, 0.000000, 1000.000000, 0.000000, 2000.000000, 1000.000000, 10.037455, 9.962013, 9.962166, 10.038366, -0.037911, 0.000266, -0.000190, -0.037911, 0.000266, -0.000190, 0.000000, 0.000000, 0.000000, 0.000000, -0.000000, 0.000000, -0.061082, 0.000000, 0.000000, -2.341117, 4.301113, -0.062952, -0.000425, -0.000425, 0.000127, 0.001792, 15.067383, 0.518799, 7.995605
-0.012216, 0.000000, 1000.000000, 0.000000, 2000.000000, 1000.000000, 10.033594, 9.968538, 9.959635, 10.038233, -0.035913, -0.001066, -0.003386, -0.035913, -0.001066, -0.003386, 0.000000, 0.000000, 0.000000, 0.000000, 0.000000, 0.000000, -0.061082, 0.000000, 0.000000, -2.321145, 4.237330, 0.001096, -0.003621, 0.001705, 0.002257, 0.001769, 14.934570, 4.080200, 62.377926
-0.012216, -0.001745, 1000.000000, 0.000000, 2000.000000, 1000.000000, 10.050232, 9.966803, 9.965366, 10.017599, -0.033916, -0.008517, 0.007799, -0.033916, -0.008517, 0.007799, 0.000000, 0.000000, 0.000000, 0.000000, 0.000000, -0.000000, -0.061082, -0.008726, 0.000000, -2.316281, 4.220763, 0.010892, -0.006817, 0.004901, -0.005200, 0.002216, 14.481445, 27.999878, 413.818329
-0.010471, 0.000000, 1000.000000, 0.000000, 2000.000000, 1000.000000, 10.034265, 9.966537, 9.968551, 10.030648, -0.032457, -0.000400, 0.001408, -0.032457, -0.000400, 0.001408, 0.000000, 0.000000, 0.000000, 0.000000, 0.000000, -0.000000, -0.052356, 0.000000, 0.000000, -2.300224, 4.159335, 0.048558, -0.000425, 0.000640, -0.000938, 0.001840, 15.063477, 0.399780, 4.882812
-0.010471, 0.000000, 1000.000000, 0.000000, 2000.000000, 1000.000000, 10.067821, 9.931647, 10.002107, 9.998425, -0.033123, 0.000266, 0.034963, -0.033123, 0.000266, 0.034963, 0.000000, 0.000000, 0.000000, 0.000000, 0.000000, -0.000000, -0.052356, 0.000000, 0.000000, -2.300548, 4.147844, 0.096116, 0.000640, -0.000425, -0.023309, 0.001776, 14.801758, 8.239746, 124.999992
-0.010471, 0.000000, 1000.000000, 0.000000, 2000.000000, 1000.000000, 10.004837, 9.991968, 9.940454, 10.062740, -0.033788, 0.001597, -0.027354, -0.033788, 0.001597, -0.027354, 0.000000, 0.000000, 0.000000, 0.000000, -0.000000, 0.000000, -0.052356, 0.000000, 0.000000, -2.278152, 4.122523, 0.055796, 0.001705, -0.002556, 0.018236, 0.002294, 14.625977, 14.840698, 222.717270
-0.010471, 0.000000, 1000.000000, 0.000000, 2000.000000, 1000.000000, 10.104039, 9.847493, 10.017020, 10.031447, -0.067743, 0.024234, 0.060530, -0.067743, 0.024234, 0.060530, 0.000000, 0.000000, 0.000000, 0.000000, -0.000000, -0.000000, -0.052356, 0.000000, 0.000000, -2.218869, 4.067387, -0.004169, 0.056034, -0.038774, -0.040353, 0.002227, 14.813477, 7.839966, 118.896477
-0.010471, 0.000000, 1000.000000, 0.000000, 2000.000000, 1000.000000, 10.113493, 9.915270, 10.017153, 9.954084, -0.033788, -0.014382, 0.065323, -0.033788, -0.014382, 0.065323, 0.000000, 0.000000, 0.000000, 0.000000, 0.000000, -0.000000, -0.052356, 0.000000, 0.000000, -2.107949, 4.003679, 0.073955, 0.001705, 0.023011, -0.043549, 0.001927, 14.922852, 4.238892, 64.819336
-0.010471, 0.000000, 1000.000000, 0.000000, 2000.000000, 1000.000000, 10.090989, 9.885842, 10.033265, 9.989903, -0.040446, 0.011584, 0.062127, -0.040446, 0.011584, 0.062127, 0.000000, 0.000000, 0.000000, 0.000000, -0.000000, -0.000000, -0.052356, 0.000000, 0.000000, -2.109833, 3.991073, 0.086998, 0.012358, -0.018534, -0.041418, 0.001953, 14.942383, 4.440308, 67.871094
-0.010471, 0.000000, 1000.000000, 0.000000, 2000.000000, 1000.000000, 10.053971, 9.941503, 9.993585, 10.010942, -0.032457, 0.002263, 0.023778, -0.032457, 0.002263, 0.023778, 0.000000, 0.000000, 0.000000, 0.000000, 0.000000, -0.000000, -0.052356, 0.000000, 0.000000, -2.016556, 3.914001, 0.147741, -0.000425, -0.003621, -0.015852, 0.002021, 14.942383, 4.278564, 65.429688
-0.010471, 0.000000, 1000.000000, 0.000000, 2000.000000, 1000.000000, 9.994452, 9.995697, 9.938057, 10.071795, -0.033123, 0.004926, -0.033746, -0.033123, 0.004926, -0.033746, 0.000000, 0.000000, 0.000000, 0.000000, -0.000000, 0.000000, -0.052356, 0.000000, 0.000000, -2.045207, 3.866199, 0.185899, 0.000640, -0.007882, 0.022497, 0.002360, 14.942383, 4.278564, 65.429688
-0.010471, 0.000000, 1000.000000, 0.000000, 2000.000000, 1000.000000, 9.992054, 9.998095, 9.943649, 10.066202, -0.029128, 0.004926, -0.032148, -0.029128, 0.004926, -0.032148, 0.000000, 0.000000, 0.000000, 0.000000, -0.000000, 0.000000, -0.052356, 0.000000, 0.000000, -2.012365, 3.791811, 0.220696, -0.005751, -0.007882, 0.021432, 0.002429, 14.946289, 3.799438, 58.227535
-0.010471, -0.001745, 1000.000000, 0.000000, 2000.000000, 1000.000000, 10.041583, 9.983441, 9.951646, 10.023330, -0.032457, -0.012512, -0.003386, -0.032457, -0.012512, -0.003386, 0.000000, 0.000000, 0.000000, 0.000000, 0.000000, 0.000000, -0.052356, -0.008726, 0.000000, -1.914788, 3.750962, 0.262153, -0.000425, 0.011293, 0.002257, 0.001764, 14.961914, 3.079224, 47.180172
-0.012216, -0.001745, 1000.000000, -0.001745, 2000.000000, 1000.000000, 10.036743, 9.974964, 9.955873, 10.032419, -0.034582, -0.005854, -0.003692, -0.034582, -0.005854, -0.003692, 0.000000, 0.000000, 0.000000, 0.000000, 0.000000, -0.000000, -0.061082, -0.008726, -0.008726, -1.983118, 3.673871, 0.350448, -0.005751, 0.000640, -0.006265, 0.001816, 14.942383, 3.921509, 59.997555
-0.012216, -0.001745, 1000.000000, -0.001745, 2000.000000, 1000.000000, 9.999060, 9.982021, 9.948816, 10.070103, -0.034582, 0.009459, -0.026062, -0.034582, 0.009459, -0.026062, 0.000000, 0.000000, 0.000000, 0.000000, -0.000000, 0.000000, -0.061082, -0.008726, -0.008726, -2.076449, 3.583328, 0.429416, -0.005751, -0.023861, 0.008649, 0.001756, 14.942383, 3.878784, 59.387203
-0.010471, -0.001745, 1000.000000, -0.001745, 2000.000000, 1000.000000, 10.026762, 10.004919, 9.943483, 10.024836, -0.025799, -0.015841, -0.014877, -0.025799, -0.015841, -0.014877, 0.000000, 0.000000, 0.000000, 0.000000, 0.000000, 0.000000, -0.052356, -0.008726, -0.008726, -2.056797, 3.527892, 0.475459, -0.011078, 0.016619, 0.001192, 0.002264, 14.946289, 3.921509, 59.997555
-0.012216, -0.001745, 1000.000000, -0.001745, 2000.000000, 1000.000000, 10.025558, 9.991476, 9.944687, 10.038279, -0.031919, -0.008517, -0.014877, -0.031919, -0.008517, -0.014877, 0.000000, 0.000000, 0.000000, 0.000000, 0.000000, 0.000000, -0.061082, -0.008726, -0.008726, -2.043386, 3.502262, 0.517244, -0.010012, 0.004901, 0.001192, 0.002341, 14.938477, 4.080200, 62.377926
-0.010471, -0.001745, 1001.000000, -0.001745, 2000.000000, 1000.000000, 10.029293, 9.986410, 9.947344, 10.036953, -0.033123, -0.007851, -0.011681, -0.033123, -0.007851, -0.011681, 0.000000, 0.000000, 0.000000, 0.000000, 0.000000, 0.000000, -0.052356, -0.008726, -0.008726, -2.033559, 3.444041, 0.597957, 0.000640, 0.003836, -0.000938, 0.001845, 14.942383, 3.799438, 58.105465
-0.012216, 0.000000, 1001.000000, -0.001745, 2000.000000, 1000.000000, 10.041943, 9.969511, 9.982632, 10.005915, -0.023929, -0.005726, 0.012287, -0.023929, -0.005726, 0.012287, 0.000000, 0.000000, 0.000000, 0.000000, 0.000000, -0.000000, -0.061082, 0.000000, -0.008726, -1.994669, 3.344369, 0.670266, -0.022795, 0.009162, -0.016917, 0.002258, 14.942383, 4.199219, 64.208984
-0.013962, 0.000000, 1006.000000, -0.001745, 2000.000000, 1000.000000, 10.018901, 9.953937, 9.951344, 10.075818, -0.047359, 0.013581, -0.014877, -0.047359, 0.013581, -0.014877, 0.000000, 0.000000, 0.000000, 0.000000, -0.000000, 0.000000, -0.069808, 0.000000, -0.008726, -1.960731, 3.322331, 0.716291, 0.005966, -0.021730, 0.001192, 0.002392, 14.938477, 3.878784, 59.326168
-0.013962, 0.000000, 1006.000000, -0.001745, 2000.000000, 1000.000000, 10.033015, 9.971780, 9.930839, 10.064366, -0.048691, -0.002398, -0.018073, -0.048691, -0.002398, -0.018073, 0.000000, 0.000000, 0.000000, 0.000000, 0.000000, 0.000000, -0.069808, 0.000000, -0.008726, -1.924841, 3.257658, 0.744746, 0.008097, 0.003836, 0.003323, 0.002245, 14.934570, 4.238892, 64.819336
-0.013962, 0.000000, 1014.000000, 0.000000, 2000.000000, 1000.000000, 11.055542, 10.981804, 10.933250, 11.029404, -0.042473, -0.018673, -0.005603, -0.032712, -0.014382, -0.004984, -0.009761, -0.004291, -0.000620, 0.000000, 0.000000, 0.000000, -0.069808, 0.000000, 0.000000, -1.946567, 3.250246, 0.790990, -0.017469, 0.023011, 0.003323, 0.001865, 14.848633, 6.961060, 105.895988
-0.013962, 0.000000, 1015.000000, -0.001745, 2000.000000, 1000.000000, 11.004867, 11.035663, 10.931821, 11.027650, -0.016258, -0.020265, -0.031656, -0.012072, -0.015047, -0.027660, -0.004186, -0.005217, -0.003996, -0.000000, 0.000000, 0.000000, -0.069808, 0.000000, -0.008726, -2.004167, 3.316190, 0.778585, -0.050492, 0.024076, 0.009714, 0.002167, 14.879883, 5.960083, 90.820305
-0.013962, 0.000000, 1037.000000, -0.001745, 2000.000000, 1000.000000, 13.020285, 12.912136, 12.960707, 13.106873, -0.063579, 0.033790, -0.009504, -0.049356, 0.026231, -0.008486, -0.014223, 0.007559, -0.001019, 0.000000, -0.000000, -0.000000, -0.069808, 0.000000, -0.008726, -2.115643, 3.334539, 0.784254, 0.009162, -0.041970, -0.003069, 0.001801, 14.563477, 20.440674, 304.626465
-0.012216, 0.000000, 1048.000000, -0.001745, 2000.000000, 1000.000000, 13.861670, 13.752962, 14.144575, 14.240793, -0.051231, 0.192684, 0.003122, -0.037245, 0.140081, 0.002700, -0.013986, 0.052603, 0.000422, 0.000000, -0.000000, -0.000000, -0.061082, 0.000000, -0.008726, -2.064936, 2.834938, 0.807298, -0.001490, -0.224129, -0.010526, 0.002347, 14.637695, 13.241577, 198.486313
-0.012216, 0.000000, 1050.000000, -0.001745, 2000.000000, 1000.000000, 15.028665, 14.750049, 14.790984, 15.430303, -0.229484, 0.110643, -0.090175, -0.170402, 0.082157, -0.078793, -0.059082, 0.028486, -0.011383, 0.000000, -0.000000, 0.000000, -0.061082, 0.000000, -0.008726, -1.805400, 2.300023, 0.862364, 0.211561, -0.131452, 0.043802, 0.002167, 14.743164, 8.520508, 128.723145
-0.012216, 0.000000, 1050.000000, -0.001745, 2000.000000, 1000.000000, 15.163327, 14.518456, 14.814136, 15.504081, -0.333704, 0.159108, -0.011269, -0.260283, 0.124102, -0.010083, -0.073421, 0.035007, -0.001185, 0.000000, -0.000000, 0.000000, -0.061082, 0.000000, -0.008726, -0.883999, 1.888346, 0.877226, 0.355371, -0.198563, -0.002004, 0.001763, 14.594727, 14.520264, 216.918930
-0.012216, 0.000000, 1052.000000, -0.001745, 2000.000000, 1000.000000, 14.647058, 14.117234, 15.326230, 15.909478, -0.278268, 0.617854, -0.013356, -0.207020, 0.459658, -0.011681, -0.071248, 0.158196, -0.001675, 0.000000, -0.000000, 0.000000, -0.061082, 0.000000, -0.008726, -0.025364, 0.575414, 0.872542, 0.270150, -0.735453, -0.000938, 0.002151, 14.594727, 14.801025, 221.313461
-0.012216, 0.000000, 1050.000000, -0.001745, 2000.000000, 1000.000000, 15.252127, 13.948400, 15.000132, 15.799341, -0.525734, 0.399737, 0.126129, -0.398767, 0.303198, 0.111356, -0.126967, 0.096538, 0.014773, 0.000000, -0.000000, -0.000000, -0.061082, 0.000000, -0.008726, 1.802089, -2.722899, 0.805688, 0.576945, -0.485117, -0.082963, 0.001990, 14.543945, 17.160034, 255.493149
-0.012216, 0.000000, 1051.000000, 0.000000, 2000.000000, 1000.000000, 16.472879, 14.951973, 13.946543, 14.628605, -0.550742, -0.712427, 0.209711, -0.396104, -0.512390, 0.180371, -0.154639, -0.200037, 0.029340, 0.000000, 0.000000, -0.000000, -0.061082, 0.000000, 0.000000, 3.538948, -2.199866, 0.607812, 0.572684, 0.819823, -0.120247, 0.002440, 14.555664, 15.881348, 236.694321
-0.012216, 0.000000, 1051.000000, 0.000000, 2000.000000, 1000.000000, 15.941052, 15.751092, 14.391076, 13.916780, 0.071084, -0.846072, 0.166065, 0.055299, -0.658197, 0.148413, 0.015785, -0.187876, 0.017651, -0.000000, 0.000000, -0.000000, -0.061082, 0.000000, 0.000000, 4.123223, 0.697348, 0.348149, -0.149561, 1.053115, -0.098942, 0.001784, 14.606445, 13.360596, 200.012192
-0.012216, 0.000000, 1050.000000, 0.000000, 2000.000000, 1000.000000, 14.795857, 15.155406, 15.444144, 14.604592, 0.299775, 0.024368, 0.120001, 0.224409, 0.018242, 0.105270, 0.075366, 0.006126, 0.014731, -0.000000, 0.000000, -0.000000, -0.061082, 0.000000, 0.000000, 3.148558, 2.220908, 0.165490, -0.420137, -0.029187, -0.070180, 0.002099, 14.567383, 15.280151, 227.905258
-0.012216, 0.000000, 1050.000000, 0.000000, 2000.000000, 1000.000000, 15.019383, 13.362275, 15.910680, 15.707662, -0.363522, 0.809171, 0.465031, -0.275596, 0.613455, 0.410467, -0.087926, 0.195717, 0.054565, 0.000000, -0.000000, -0.000000, -0.061082, 0.000000, 0.000000, 2.894021, -0.621032, -0.413094, 0.379872, -0.981527, -0.273644, 0.001994, 14.633789, 12.640381, 189.514145
-0.010471, 0.000000, 1050.000000, 0.000000, 2000.000000, 1000.000000, 15.802915, 13.263856, 15.201652, 15.731579, -0.767246, 0.466615, 0.502283, -0.566417, 0.344477, 0.437631, -0.200829, 0.122138, 0.064653, 0.000000, -0.000000, -0.000000, -0.052356, 0.000000, 0.000000, 4.786238, -2.864563, -1.153059, 0.853912, -0.551163, -0.291754, 0.002216, 14.594727, 14.001465, 208.679184
-0.010471, 0.000000, 1050.000000, 0.000000, 2000.000000, 1000.000000, 16.081533, 14.202522, 14.603714, 15.112230, -0.596882, -0.142027, 0.342624, -0.460557, -0.109589, 0.305006, -0.136325, -0.032438, 0.037617, 0.000000, 0.000000, -0.000000, -0.052356, 0.000000, 0.000000, 6.905014, -3.271909, -1.695487, 0.684536, 0.175343, -0.203337, 0.001850, 14.586914, 14.480591, 216.186508
-0.012216, 0.000000, 1050.000000, 0.000000, 2000.000000, 1000.000000, 15.423923, 15.021412, 15.072409, 14.482256, 0.046910, -0.222668, 0.248166, 0.035992, -0.170841, 0.220318, 0.010918, -0.051826, 0.027848, -0.000000, 0.000000, -0.000000, -0.061082, 0.000000, 0.000000, 7.675469, -2.537194, -2.063852, -0.118669, 0.273346, -0.146879, 0.001896, 14.637695, 12.161255, 182.189926
-0.012216, 0.000000, 1050.000000, 0.000000, 2000.000000, 1000.000000, 14.859178, 14.587457, 16.055017, 14.498349, 0.321236, 0.276683, 0.457097, 0.238391, 0.205328, 0.399282, 0.082846, 0.071355, 0.057816, -0.000000, -0.000000, -0.000000, -0.061082, 0.000000, 0.000000, 6.496702, -2.610287, -2.643976, -0.442507, -0.328524, -0.266188, 0.002172, 14.649414, 12.200928, 182.983383
-0.012216, 0.000000, 1050.000000, 0.000000, 2000.000000, 1000.000000, 15.645845, 13.318787, 15.158611, 15.876756, -0.761301, 0.517684, 0.402228, -0.554561, 0.377101, 0.348149, -0.206740, 0.140583, 0.054079, 0.000000, -0.000000, -0.000000, -0.061082, 0.000000, 0.000000, 6.735597, -5.044892, -3.721224, 0.826215, -0.603361, -0.232099, 0.002330, 14.579102, 13.919067, 207.824692
-0.012216, 0.000000, 1042.000000, 0.000000, 2000.000000, 1000.000000, 15.101505, 12.286552, 13.471811, 15.140131, -1.120818, 0.305972, 0.286658, -0.822872, 0.224636, 0.249080, -0.297946, 0.081336, 0.037578, 0.000000, -0.000000, -0.000000, -0.061082, 0.000000, 0.000000, 9.687485, -6.522491, -3.950660, 1.255514, -0.359417, -0.166053, 0.002263, 14.547852, 15.798950, 235.473618
-0.012216, 0.000000, 1038.000000, 0.000000, 2000.000000, 1000.000000, 13.633611, 12.313600, 12.695336, 13.357453, -0.495532, 0.026394, 0.164473, -0.367475, 0.019573, 0.143620, -0.128058, 0.006821, 0.020854, 0.000000, -0.000000, -0.000000, -0.061082, 0.000000, 0.000000, 12.208318, -7.139186, -4.101291, 0.526877, -0.031317, -0.095746, 0.002178, 14.836914, 5.639648, 88.073723
-0.012216, 0.000000, 1038.000000, 0.000000, 2000.000000, 1000.000000, 12.730812, 13.310112, 13.423483, 12.535593, 0.366798, -0.020462, 0.077148, 0.281667, -0.015713, 0.068519, 0.085131, -0.004749, 0.008629, -0.000000, 0.000000, -0.000000, -0.061082, 0.000000, 0.000000, 12.041391, -7.065260, -4.266756, -0.511749, 0.025141, -0.045679, 0.001889, 14.770508, 8.120728, 122.802727
-0.010471, 0.000000, 1039.000000, 0.000000, 2000.000000, 1000.000000, 12.696197, 13.241651, 13.527810, 12.534343, 0.384731, 0.031076, 0.112003, 0.291781, 0.023568, 0.098879, 0.092950, 0.007508, 0.013125, -0.000000, -0.000000, -0.000000, -0.052356, 0.000000, 0.000000, 9.067071, -6.700607, -4.862677, -0.519206, -0.037709, -0.065919, 0.001991, 14.739258, 9.118652, 137.695312
-0.012216, 0.000000, 1038.000000, 0.000000, 2000.000000, 1000.000000, 13.245393, 12.469680, 12.927411, 13.357516, -0.301455, 0.142464, 0.086402, -0.220336, 0.104128, 0.074910, -0.081119, 0.038336, 0.011491, 0.000000, -0.000000, -0.000000, -0.061082, 0.000000, 0.000000, 8.748469, -6.966252, -5.078777, 0.291456, -0.166605, -0.049940, 0.002301, 14.688477, 11.599731, 174.377426
-0.010471, 0.000000, 1039.000000, 0.000000, 2000.000000, 1000.000000, 13.666407, 12.009636, 12.240635, 14.083323, -0.874864, 0.161979, -0.046479, -0.634327, 0.117444, -0.040137, -0.240537, 0.044535, -0.006342, 0.000000, -0.000000, 0.000000, -0.052356, 0.000000, 0.000000, 10.629146, -7.637638, -4.842566, 0.962568, -0.187910, 0.026758, 0.002370, 14.739258, 8.840942, 133.422852
-0.012216, 0.000000, 1039.000000, 0.000000, 2000.000000, 1000.000000, 13.581470, 12.101940, 12.485970, 13.830620, -0.706046, 0.158294, 0.033720, -0.550566, 0.123436, 0.030170, -0.155480, 0.034858, 0.003550, 0.000000, -0.000000, -0.000000, -0.061082, 0.000000, 0.000000, 13.208764, -8.368733, -4.447013, 0.819823, -0.197498, -0.020113, 0.001765, 14.727539, 8.920288, 134.582520
-0.013962, 0.000000, 1038.000000, 0.000000, 2000.000000, 1000.000000, 12.962921, 13.059189, 13.051125, 12.926765, 0.055157, -0.011055, 0.007022, 0.041856, -0.008390, 0.006201, 0.013300, -0.002666, 0.000821, -0.000000, -0.000000, -0.000000, -0.069808, 0.000000, 0.000000, 14.072112, -8.671780, -4.385048, -0.136778, 0.013423, -0.004134, 0.001986, 14.739258, 9.039307, 136.413574
-0.047120, 0.000000, 1038.000000, 0.000000, 2000.000000, 1000.000000, 12.544993, 13.948497, 13.230424, 12.276086, 0.589461, -0.246745, -0.112291, 0.433580, -0.181494, -0.097661, 0.155881, -0.065251, -0.014630, -0.000000, 0.000000, 0.000000, -0.235602, 0.000000, 0.000000, 11.189286, -7.796813, -4.641831, -0.929330, 0.290390, 0.065108, 0.002247, 14.727539, 8.959961, 135.131836
-0.095986, 0.000000, 1038.000000, 0.000000, 2000.000000, 1000.000000, 13.261065, 13.456443, 12.627601, 12.654891, 0.042022, -0.358754, -0.055667, 0.030539, -0.260722, -0.048127, 0.011483, -0.098032, -0.007540, -0.000000, 0.000000, 0.000000, -0.479930, 0.000000, 0.000000, 9.249728, -6.707175, -4.736913, -0.528793, 0.417156, 0.032085, 0.002350, 14.774414, 7.559204, 114.196770
-0.160558, 0.003490, 1050.000000, 0.000000, 2000.000000, 1000.000000, 15.963338, 14.499303, 14.294648, 15.242711, -0.603025, -0.231320, 0.128993, -0.465527, -0.178576, 0.114858, -0.137498, -0.052744, 0.014135, 0.000000, 0.000000, -0.000000, -0.802792, 0.017452, 0.000000, 8.711562, -5.647703, -4.888273, -0.057949, 0.303173, -0.076572, 0.001846, 14.329102, 23.800659, 349.304169
-0.181501, 0.001745, 1056.000000, 0.000000, 2000.000000, 1000.000000, 15.526821, 14.183784, 14.769955, 15.519440, -0.523130, 0.144697, 0.148388, -0.405804, 0.112245, 0.132434, -0.117326, 0.032452, 0.015954, 0.000000, -0.000000, -0.000000, -0.907504, 0.008726, 0.000000, 8.527876, -5.421734, -5.201819, -0.258217, -0.170866, -0.088290, 0.001807, 14.500977, 15.881348, 235.900864
-0.184991, 0.001745, 1056.000000, 0.000000, 2000.000000, 1000.000000, 14.043920, 15.000918, 16.141512, 14.813651, 0.571214, 0.477581, 0.092715, 0.444816, 0.371902, 0.082900, 0.126399, 0.105680, 0.009815, -0.000000, -0.000000, -0.000000, -0.924956, 0.008726, 0.000000, 5.745673, -6.323802, -5.647450, -1.636661, -0.586317, -0.055267, 0.001776, 14.559570, 13.958740, 208.190903
-0.171030, 0.001745, 1057.000000, 0.000000, 2000.000000, 1000.000000, 14.278306, 15.762185, 16.374710, 13.584798, 1.068448, -0.020246, 0.326509, 0.787384, -0.014920, 0.284234, 0.281064, -0.005326, 0.042275, -0.000000, 0.000000, -0.000000, -0.855148, 0.008726, 0.000000, -3.275738, -6.877903, -7.245041, -2.114962, 0.032598, -0.189489, 0.002231, 14.571289, 14.721680, 219.604477
-0.181501, 0.000000, 1057.000000, 0.000000, 2000.000000, 1000.000000, 16.044230, 15.151515, 14.682841, 14.121413, -0.082822, -0.597872, 0.363536, -0.060927, -0.439819, 0.316191, -0.021895, -0.158053, 0.047344, -0.000000, 0.000000, -0.000000, -0.907504, 0.000000, 0.000000, -7.022648, -5.180308, -8.183455, -0.810021, 0.703710, -0.210794, 0.002246, 14.571289, 14.120483, 210.632309
-0.169284, -0.001745, 1056.000000, 0.000000, 2000.000000, 1000.000000, 16.661291, 14.462824, 13.995043, 14.880842, -0.771067, -0.562058, 0.328167, -0.595327, -0.433954, 0.292223, -0.175740, -0.128103, 0.035943, 0.000000, 0.000000, -0.000000, -0.846422, -0.008726, 0.000000, -7.397458, -2.964621, -8.741848, 0.106101, 0.685601, -0.194815, 0.001845, 14.614258, 12.078857, 180.725082
-0.045375, -0.001745, 1057.000000, 0.000000, 2000.000000, 1000.000000, 15.021977, 14.734946, 15.513625, 14.729451, 0.124285, 0.121539, 0.267801, 0.096820, 0.094680, 0.239493, 0.027466, 0.026859, 0.028308, -0.000000, -0.000000, -0.000000, -0.226876, -0.008726, 0.000000, -7.484983, -2.198277, -9.205036, -0.381787, -0.160214, -0.159662, 0.001773, 14.610352, 12.200928, 182.495102
-0.017452, -0.001745, 1057.000000, 0.000000, 2000.000000, 1000.000000, 13.993868, 14.965309, 17.029314, 14.011511, 0.997311, 0.520412, 0.511590, 0.746669, 0.389623, 0.448816, 0.250642, 0.130789, 0.062774, -0.000000, -0.000000, -0.000000, -0.087260, -0.008726, 0.000000, -12.378280, -3.948202, -10.288373, -1.281930, -0.632123, -0.299211, 0.002098, 14.493164, 17.080688, 253.478989
-0.015707, -0.001745, 1057.000000, 0.000000, 2000.000000, 1000.000000, 15.648358, 14.652022, 15.410426, 14.289193, 0.031224, -0.150190, 0.529393, 0.023087, -0.111048, 0.461599, 0.008138, -0.039142, 0.067794, -0.000000, 0.000000, -0.000000, -0.078534, -0.008726, 0.000000, -14.571194, -4.262192, -11.293257, -0.115473, 0.168951, -0.307733, 0.002203, 14.614258, 12.680054, 189.331039
-0.017452, -0.001745, 1057.000000, 0.000000, 2000.000000, 1000.000000, 17.046570, 14.411952, 13.814940, 14.726539, -0.886554, -0.729260, 0.430755, -0.689432, -0.567112, 0.384901, -0.197122, -0.162149, 0.045854, 0.000000, 0.000000, -0.000000, -0.087260, -0.008726, 0.000000, -12.803436, -2.965219, -11.926904, 1.015831, 0.898652, -0.256600, 0.001787, 14.528320, 14.999390, 223.205551
-0.015707, -0.001745, 1056.000000, 0.000000, 2000.000000, 1000.000000, 16.185865, 14.498043, 14.486256, 14.829836, -0.507851, -0.341954, 0.336061, -0.390366, -0.262847, 0.298615, -0.117485, -0.079107, 0.037446, 0.000000, 0.000000, -0.000000, -0.078534, -0.008726, 0.000000, -9.880023, -1.429348, -12.441777, 0.546052, 0.411830, -0.199076, 0.001881, 14.551758, 14.440918, 215.087875
-0.015707, -0.001745, 1057.000000, 0.000000, 2000.000000, 1000.000000, 13.452688, 14.830591, 16.883383, 14.833338, 0.856987, 0.858360, 0.168035, 0.636276, 0.637295, 0.146815, 0.220711, 0.221065, 0.021220, -0.000000, -0.000000, -0.000000, -0.078534, -0.008726, 0.000000, -11.020687, -2.133533, -12.876757, -1.096575, -1.028399, -0.097877, 0.002168, 14.590820, 12.438965, 185.913071
-0.015707, -0.001745, 1057.000000, 0.000000, 2000.000000, 1000.000000, 14.129938, 15.117310, 16.553606, 14.199146, 0.835458, 0.376376, 0.341773, 0.600323, 0.270447, 0.293821, 0.235135, 0.105929, 0.047952, -0.000000, -0.000000, -0.000000, -0.078534, -0.008726, 0.000000, -17.780392, -4.977591, -13.874012, -1.039051, -0.441442, -0.195881, 0.002448, 14.559570, 13.601685, 202.819809
-0.015707, -0.001745, 1057.000000, 0.000000, 2000.000000, 1000.000000, 17.188744, 14.524230, 14.053737, 14.233291, -0.711017, -0.856487, 0.621240, -0.522192, -0.629030, 0.539896, -0.188825, -0.227457, 0.081344, 0.000000, 0.000000, -0.000000, -0.078534, -0.008726, 0.000000, -17.705585, -4.030379, -14.702769, 0.756973, 0.997721, -0.359930, 0.002260, 14.532227, 14.880371, 221.374496
-0.015707, -0.001745, 1057.000000, 0.000000, 2000.000000, 1000.000000, 17.453732, 14.331757, 13.409773, 14.804740, -1.129236, -0.892744, 0.431752, -0.866403, -0.684956, 0.383303, -0.262832, -0.207788, 0.048449, 0.000000, 0.000000, -0.000000, -0.078534, -0.008726, 0.000000, -13.687799, -1.842119, -15.335131, 1.307711, 1.087203, -0.255535, 0.001896, 14.551758, 13.558960, 202.026352
-0.015707, -0.001745, 1057.000000, 0.000000, 2000.000000, 1000.000000, 15.392124, 14.233217, 15.312943, 15.061716, -0.226920, 0.187329, 0.352533, -0.175983, 0.145280, 0.314593, -0.050937, 0.042050, 0.037940, 0.000000, -0.000000, -0.000000, -0.078534, -0.008726, 0.000000, -11.151844, -1.263276, -15.874324, 0.203039, -0.241173, -0.209729, 0.001809, 14.524414, 14.721680, 218.994125
-0.017452, -0.001745, 1057.000000, 0.000000, 2000.000000, 1000.000000, 13.578794, 14.877218, 17.106482, 14.437504, 0.991850, 0.771994, 0.342638, 0.724698, 0.564059, 0.297017, 0.267153, 0.207935, 0.045622, -0.000000, -0.000000, -0.000000, -0.087260, -0.008726, 0.000000, -15.400771, -3.667177, -16.958767, -1.246777, -0.911220, -0.198011, 0.002304, 14.532227, 14.318848, 213.073715
-0.017452, -0.001745, 1057.000000, 0.000000, 2000.000000, 1000.000000, 16.005718, 14.899658, 14.900757, 14.193867, -0.099793, -0.452688, 0.453238, -0.072914, -0.330757, 0.392890, -0.026879, -0.121930, 0.060348, 0.000000, 0.000000, -0.000000, -0.087260, -0.008726, 0.000000, -17.285852, -3.716498, -17.689333, 0.029402, 0.520486, -0.261927, 0.002304, 14.524414, 16.799927, 249.511703
-0.017452, -0.001745, 1057.000000, 0.000000, 2000.000000, 1000.000000, 17.946419, 14.666372, 12.994383, 14.392826, -1.169623, -1.306396, 0.470400, -0.901152, -1.006530, 0.418456, -0.268471, -0.299866, 0.051944, 0.000000, 0.000000, -0.000000, -0.087260, -0.008726, 0.000000, -14.020856, -1.324628, -18.321148, 1.354583, 1.601723, -0.278971, 0.001862, 14.524414, 14.120483, 210.205063
-0.017452, -0.001745, 1057.000000, 0.000000, 2000.000000, 1000.000000, 16.619310, 14.486616, 14.070570, 14.823505, -0.721407, -0.552962, 0.344940, -0.560935, -0.429960, 0.308202, -0.160472, -0.123003, 0.036738, 0.000000, 0.000000, -0.000000, -0.087260, -0.008726, 0.000000, -9.586793, 0.925392, -18.976009, 0.810236, 0.679209, -0.205468, 0.001788, 14.586914, 11.520386, 172.119125
-0.015707, -0.001745, 1057.000000, 0.000000, 2000.000000, 1000.000000, 12.939998, 14.040494, 17.833231, 15.186276, 0.936863, 1.509754, 0.386615, 0.678886, 1.094025, 0.333768, 0.257977, 0.415729, 0.052847, -0.000000, -0.000000, -0.000000, -0.078534, -0.008726, 0.000000, -11.913857, -1.693683, -19.848686, -1.164752, -1.759165, -0.222512, 0.002375, 14.493164, 16.479492, 244.506821
-0.017452, -0.001745, 1057.000000, 0.000000, 2000.000000, 1000.000000, 14.394748, 13.930547, 16.732821, 14.941884, 0.331684, 0.837353, 0.563784, 0.244000, 0.615990, 0.490361, 0.087684, 0.221362, 0.073423, -0.000000, -0.000000, -0.000000, -0.087260, -0.008726, 0.000000, -15.640802, -4.572505, -20.803776, -0.477661, -0.994310, -0.326907, 0.002246, 14.540039, 13.601685, 202.392563
-0.015707, -0.001745, 1057.000000, 0.000000, 2000.000000, 1000.000000, 17.069857, 14.289381, 13.928152, 14.712612, -0.891233, -0.679618, 0.499003, -0.652020, -0.497204, 0.432837, -0.239213, -0.182414, 0.066166, 0.000000, 0.000000, -0.000000, -0.078534, -0.008726, 0.000000, -14.890711, -4.866024, -21.626581, 0.964698, 0.786800, -0.288558, 0.002293, 14.528320, 13.919067, 207.092270
-0.015707, -0.001745, 1057.000000, 0.000000, 2000.000000, 1000.000000, 17.279812, 14.517941, 13.269769, 14.932480, -1.106145, -0.898876, 0.274790, -0.851090, -0.691614, 0.244286, -0.255055, -0.207263, 0.030503, 0.000000, 0.000000, -0.000000, -0.078534, -0.008726, 0.000000, -10.472168, -3.198707, -21.910818, 1.283211, 1.097856, -0.162858, 0.001873, 14.524414, 14.160156, 211.914047
-0.017452, -0.001745, 1050.000000, 0.000000, 2000.000000, 1000.000000, 14.007001, 14.507121, 16.221844, 15.264033, 0.364483, 0.742939, 0.114423, 0.264640, 0.539425, 0.098879, 0.099843, 0.203514, 0.015544, -0.000000, -0.000000, -0.000000, -0.087260, -0.008726, 0.000000, -8.519162, -3.266647, -22.101540, -0.510684, -0.871806, -0.065919, 0.002358, 14.528320, 16.479492, 244.811996
-0.017452, -0.001745, 1045.000000, 0.000000, 2000.000000, 1000.000000, 11.837650, 13.848764, 16.527500, 13.786085, 1.188133, 1.156793, 0.182575, 0.865179, 0.842358, 0.158001, 0.322954, 0.314435, 0.024574, -0.000000, -0.000000, -0.000000, -0.087260, -0.008726, 0.000000, -12.498989, -5.266336, -22.673969, -1.471546, -1.356498, -0.105334, 0.002333, 14.657227, 9.280396, 139.404297
-0.015707, -0.001745, 1044.000000, 0.000000, 2000.000000, 1000.000000, 13.907685, 14.145076, 14.383910, 13.563329, 0.264493, -0.026380, 0.145798, 0.192196, -0.019170, 0.126043, 0.072297, -0.007211, 0.019755, -0.000000, -0.000000, -0.000000, -0.078534, -0.008726, 0.000000, -15.947467, -6.023245, -23.309631, -0.386048, 0.021945, -0.084029, 0.002351, 14.602539, 11.480713, 171.813950
-0.013962, -0.001745, 1044.000000, 0.000000, 2000.000000, 1000.000000, 16.809265, 13.642240, 11.523696, 14.024800, -1.417032, -1.225752, 0.166480, -1.096638, -0.948607, 0.148413, -0.320394, -0.277145, 0.018067, 0.000000, 0.000000, -0.000000, -0.069808, -0.008726, 0.000000, -12.977976, -4.514641, -23.414253, 1.684813, 1.509045, -0.098942, 0.001826, 14.563477, 12.921143, 192.687973
-0.015707, -0.001745, 1044.000000, 0.000000, 2000.000000, 1000.000000, 16.221832, 13.287354, 11.647065, 14.843749, -1.532790, -0.754593, -0.065552, -1.156020, -0.569109, -0.057714, -0.376770, -0.185484, -0.007838, 0.000000, 0.000000, 0.000000, -0.078534, -0.008726, 0.000000, -6.328125, -3.171712, -23.039333, 1.771098, 0.901848, 0.038476, 0.002037, 14.622070, 10.519409, 157.531738
-0.015707, -0.001745, 1051.000000, 0.000000, 2000.000000, 1000.000000, 12.648365, 14.045082, 17.328983, 15.977570, 0.687033, 1.653276, -0.011326, 0.497792, 1.197887, -0.009777, 0.189241, 0.455389, -0.001549, -0.000000, -0.000000, 0.000000, -0.078534, -0.008726, 0.000000, -6.149844, -6.449377, -22.906292, -0.875002, -1.925346, 0.006518, 0.002376, 14.372070, 20.840454, 306.579590
-0.013962, -0.001745, 1051.000000, 0.000000, 2000.000000, 1000.000000, 13.308875, 14.441787, 16.716688, 15.532649, 0.579238, 1.124670, 0.012782, 0.416694, 0.809068, 0.010995, 0.162544, 0.315601, 0.001787, -0.000000, -0.000000, -0.000000, -0.069808, -0.008726, 0.000000, -10.813627, -9.825892, -23.655993, -0.736518, -1.303235, -0.007330, 0.002438, 14.485352, 15.640259, 231.933578
-0.013962, -0.001745, 1049.000000, 0.000000, 2000.000000, 1000.000000, 15.703565, 13.820014, 12.210128, 14.266294, -0.984929, -0.761790, -0.043154, -0.765076, -0.591746, -0.038539, -0.219852, -0.170044, -0.004614, 0.000000, 0.000000, 0.000000, -0.069808, -0.008726, 0.000000, -10.537424, -10.429164, -23.583084, 1.154314, 0.938067, 0.025693, 0.001796, 14.520508, 9.680176, 144.897461
-0.013962, -0.001745, 1050.000000, 0.000000, 2000.000000, 1000.000000, 18.625481, 14.815134, 11.282440, 15.276948, -1.951213, -1.720306, -0.046040, -1.442181, -1.271513, -0.040137, -0.509032, -0.448793, -0.005903, 0.000000, 0.000000, 0.000000, -0.069808, -0.008726, 0.000000, -3.619685, -8.119763, -22.395025, 2.237681, 2.025695, 0.026758, 0.002206, 14.430664, 17.120361, 253.112778
-0.015707, -0.001745, 1050.000000, 0.000000, 2000.000000, 1000.000000, 14.230897, 15.000524, 15.218369, 15.550210, 0.109447, 0.384290, -0.275367, 0.079679, 0.279768, -0.238275, 0.029768, 0.104521, -0.037092, -0.000000, -0.000000, 0.000000, -0.078534, -0.008726, 0.000000, 2.351921, -6.109599, -21.272280, -0.206020, -0.456355, 0.158850, 0.002335, 14.536133, 13.079834, 194.702133
-0.013962, -0.001745, 1049.000000, 0.000000, 2000.000000, 1000.000000, 11.292325, 13.943910, 16.189016, 14.574748, 1.066464, 1.381883, -0.259329, 0.772889, 1.001480, -0.223894, 0.293574, 0.380402, -0.035435, -0.000000, -0.000000, 0.000000, -0.069808, -0.008726, 0.000000, -1.283711, -8.187366, -21.253506, -1.306431, -1.611095, 0.149263, 0.002374, 14.668945, 8.639526, 129.821777
-0.013962, -0.001745, 1050.000000, 0.000000, 2000.000000, 1000.000000, 14.262712, 14.437444, 15.611850, 15.687995, 0.024647, 0.649922, -0.062719, 0.019220, 0.506801, -0.056116, 0.005428, 0.143121, -0.006603, -0.000000, -0.000000, 0.000000, -0.069808, -0.008726, 0.000000, -4.732792, -10.675069, -21.585617, -0.100559, -0.819608, 0.037411, 0.001765, 14.500977, 14.801025, 219.787582
-0.013962, 0.000000, 1049.000000, 0.000000, 2000.000000, 1000.000000, 16.466135, 13.052145, 11.708887, 14.772835, -1.619484, -0.759139, 0.087510, -1.256427, -0.588955, 0.078106, -0.363057, -0.170184, 0.009404, 0.000000, 0.000000, -0.000000, -0.069808, 0.000000, 0.000000, -1.943439, -11.250185, -21.140549, 1.940475, 0.942328, -0.052071, 0.001806, 14.641602, 9.521484, 143.310547
-0.013962, 0.015707, 1049.000000, 0.000000, 2000.000000, 1000.000000, 15.968553, 13.069772, 11.865273, 15.096402, -1.532477, -0.519162, -0.083087, -1.121938, -0.380083, -0.072095, -0.410539, -0.139080, -0.010992, 0.000000, 0.000000, 0.000000, -0.069808, 0.078534, 0.000000, 8.472753, -10.055780, -19.381121, 1.725292, 0.686666, 0.048063, 0.002287, 14.610352, 10.681152, 159.790039
-0.001745, 0.057592, 1050.000000, 0.000000, 2000.000000, 1000.000000, 13.829844, 14.812094, 15.986059, 15.372004, 0.399077, 0.679031, -0.092049, 0.293750, 0.499817, -0.080084, 0.105327, 0.179214, -0.011965, -0.000000, -0.000000, 0.000000, -0.008726, 0.287958, 0.000000, 10.032784, -10.571771, -18.983866, -0.478726, -0.511749, 0.053390, 0.002241, 14.430664, 19.158936, 283.203125
-0.001745, 0.068063, 1050.000000, 0.000000, 2000.000000, 1000.000000, 13.094442, 15.313231, 16.937487, 14.654840, 1.125358, 0.796164, 0.015965, 0.865660, 0.612433, 0.014191, 0.259698, 0.183730, 0.001774, -0.000000, -0.000000, -0.000000, -0.008726, 0.340314, 0.000000, 6.287917, -11.298525, -19.622383, -1.393782, -0.639580, -0.009461, 0.001875, 14.504883, 13.479614, 200.317368
-0.003490, 0.066318, 1049.000000, 0.000000, 2000.000000, 1000.000000, 16.225119, 13.133969, 12.263148, 14.377765, -1.301441, -0.679543, 0.244133, -0.972037, -0.507546, 0.213927, -0.329404, -0.171997, 0.030206, 0.000000, 0.000000, -0.000000, -0.017452, 0.331588, 0.000000, 6.113122, -10.169024, -20.158907, 1.537807, 1.143662, -0.142618, 0.002118, 14.633789, 9.719849, 145.690918
-0.003490, 0.068063, 1049.000000, 0.000000, 2000.000000, 1000.000000, 17.577063, 12.342332, 11.074290, 15.006316, -2.291688, -0.959697, 0.325676, -1.756999, -0.735783, 0.289027, -0.534690, -0.223914, 0.036649, 0.000000, 0.000000, -0.000000, -0.017452, 0.340314, 0.000000, 13.698174, -8.560771, -19.412455, 2.793746, 1.517567, -0.192685, 0.001902, 14.536133, 13.760376, 204.833969
-0.003490, 0.071553, 1050.000000, 0.000000, 2000.000000, 1000.000000, 15.645620, 14.381529, 14.515404, 15.457447, -0.551534, -0.013575, 0.080512, -0.426092, -0.010487, 0.071715, -0.125442, -0.003087, 0.008797, 0.000000, 0.000000, -0.000000, -0.017452, 0.357766, 0.000000, 19.396275, -7.689277, -18.926056, 0.664296, 0.374546, -0.047810, 0.001840, 14.493164, 14.559937, 216.125473
-0.005236, 0.090750, 1052.000000, 0.000000, 2000.000000, 1000.000000, 12.558126, 15.830794, 17.404427, 14.206650, 1.617612, 0.805539, -0.018723, 1.172998, 0.584130, -0.016169, 0.444613, 0.221409, -0.002554, -0.000000, -0.000000, 0.000000, -0.026178, 0.453752, 0.000000, 14.286902, -7.476353, -19.483572, -1.902975, -0.480856, 0.010779, 0.002369, 14.645508, 7.919312, 118.774406
-0.012216, 0.094241, 1057.000000, 0.000000, 2000.000000, 1000.000000, 15.498168, 15.147410, 14.921874, 14.432548, 0.034642, -0.322789, 0.210021, 0.026671, -0.248513, 0.186763, 0.007971, -0.074276, 0.023258, -0.000000, 0.000000, -0.000000, -0.061082, 0.471204, 0.000000, 11.359941, -6.051100, -20.019062, -0.103755, 0.868825, -0.124508, 0.001868, 14.461914, 15.359497, 227.416977
-0.024433, 0.095986, 1070.000000, 0.000000, 2000.000000, 1000.000000, 21.091852, 15.425680, 14.456217, 17.026251, -2.059051, -1.258766, 0.774034, -1.533493, -0.937474, 0.677314, -0.525559, -0.321291, 0.096720, 0.000000, 0.000000, -0.000000, -0.122164, 0.479930, 0.000000, 16.135429, -3.271757, -20.154707, 2.331424, 1.979889, -0.451542, 0.002142, 14.258789, 22.439575, 327.697723
-0.033159, 0.087260, 1070.000000, 0.000000, 2000.000000, 1000.000000, 15.947172, 16.413008, 17.685827, 17.953993, 0.049418, 0.819910, -0.183500, 0.035794, 0.593862, -0.158381, 0.013625, 0.226048, -0.025119, -0.000000, -0.000000, 0.000000, -0.165794, 0.436300, 0.000000, 24.284451, -1.857638, -20.352909, -0.223064, -0.513879, 0.105587, 0.002379, 14.196289, 24.041748, 349.609344
-0.036649, 0.073298, 1070.000000, 0.000000, 2000.000000, 1000.000000, 12.511165, 18.234365, 21.352633, 15.901837, 2.793499, 1.627235, -0.068101, 2.176707, 1.267949, -0.060910, 0.616792, 0.359286, -0.007191, -0.000000, -0.000000, 0.000000, -0.183246, 0.366492, 0.000000, 17.345938, -3.218851, -20.431974, -3.665977, -1.662227, 0.040607, 0.001771, 14.184570, 24.758911, 359.680145
-0.034904, 0.075044, 1070.000000, 0.000000, 2000.000000, 1000.000000, 15.694604, 18.338150, 19.121941, 14.845305, 1.730046, -0.016376, 0.408273, 1.292005, -0.012230, 0.357736, 0.438041, -0.004146, 0.050536, -0.000000, 0.000000, -0.000000, -0.174520, 0.375218, 0.000000, 7.667157, -1.916013, -21.680206, -2.241727, 0.394786, -0.238491, 0.002119, 14.239258, 19.961548, 291.503906
-0.033159, 0.043630, 1068.000000, 0.000000, 2000.000000, 1000.000000, 22.666838, 14.192945, 10.349825, 16.790392, -3.728615, -2.429891, 0.508332, -2.726553, -1.776860, 0.440827, -1.002063, -0.653032, 0.067505, 0.000000, 0.000000, -0.000000, -0.165794, 0.218150, 0.000000, 17.063513, 4.821896, -23.107924, 4.196691, 3.061126, -0.293884, 0.002297, 14.075195, 27.279663, 393.798798
-0.034904, 0.008726, 1065.000000, 0.000000, 2000.000000, 1000.000000, 17.083487, 14.087043, 15.145909, 17.683561, -1.383524, 0.414735, 0.114698, -1.066876, 0.319814, 0.102075, -0.316649, 0.094921, 0.012623, 0.000000, -0.000000, -0.000000, -0.174520, 0.043630, 0.000000, 27.086863, 4.753701, -24.624290, 1.532481, -0.468073, -0.068050, 0.001855, 14.411133, 15.521240, 229.125961
-0.006981, 0.003490, 1057.000000, 0.000000, 2000.000000, 1000.000000, 8.446710, 16.687422, 21.017706, 13.848163, 3.852564, 2.432934, -0.267793, 2.928548, 1.849408, -0.236677, 0.924016, 0.583525, -0.031115, -0.000000, -0.000000, 0.000000, -0.034904, 0.017452, 0.000000, 12.873396, -1.528962, -23.903015, -4.720582, -2.941602, 0.157785, 0.001972, 14.282227, 19.519043, 285.400391
-0.001745, 0.003490, 1020.000000, 0.000000, 2000.000000, 1000.000000, 12.647414, 13.842967, 12.170133, 9.339486, 1.006549, -1.245190, 0.408773, 0.749813, -0.927585, 0.357736, 0.256736, -0.317605, 0.051037, -0.000000, 0.000000, -0.000000, -0.008726, 0.017452, 0.000000, 3.946201, 0.304180, -24.284567, -1.208427, 1.501588, -0.238491, 0.002140, 14.657227, 7.360840, 110.473625
-0.001745, 0.003490, 1004.000000, 0.000000, 2000.000000, 1000.000000, 15.034357, 10.120448, 5.658745, 9.186449, -2.110404, -2.577403, 0.346551, -2.110404, -2.577403, 0.346551, 0.000000, 0.000000, 0.000000, 0.000000, 0.000000, -0.000000, -0.008726, 0.017452, 0.000000, 11.032742, 6.707268, -25.570869, 3.367920, 4.141297, -0.231034, 0.002161, 15.067383, 0.439453, 6.774902
-0.015707, 0.003490, 1007.000000, 0.000000, 2000.000000, 1000.000000, 12.809522, 8.409158, 7.921930, 10.859391, -1.834456, -0.609339, 0.365726, -1.834456, -0.609339, 0.365726, 0.000000, 0.000000, 0.000000, 0.000000, 0.000000, -0.000000, -0.078534, 0.017452, 0.000000, 30.844870, 9.961975, -29.998222, 2.856596, 0.992395, -0.243817, 0.002260, 14.786133, 0.878906, 13.427733
-0.015707, 0.003490, 1007.000000, 0.000000, 2000.000000, 1000.000000, 9.004953, 9.016621, 10.924358, 11.054068, -0.029510, 0.989213, -0.035344, -0.029510, 0.989213, -0.035344, 0.000000, 0.000000, 0.000000, 0.000000, -0.000000, 0.000000, -0.078534, 0.017452, 0.000000, 33.277321, 7.088569, -30.687424, -0.031318, -1.565289, 0.023562, 0.002139, 14.762695, 4.519653, 68.298340
-0.017452, 0.005236, 1008.000000, 0.000000, 2000.000000, 1000.000000, 7.158730, 9.807985, 12.642752, 10.390533, 1.225369, 1.516643, -0.099259, 1.225369, 1.516643, -0.099259, 0.000000, 0.000000, 0.000000, -0.000000, -0.000000, 0.000000, -0.087260, 0.026178, 0.000000, 27.462139, 3.744569, -29.980692, -2.047850, -2.400451, 0.066173, 0.001765, 14.743164, 5.319214, 80.322258
-0.068063, 0.005236, 1009.000000, 0.000000, 2000.000000, 1000.000000, 8.669499, 10.305226, 11.767941, 9.257333, 1.036584, 0.512637, 0.218720, 1.036584, 0.512637, 0.218720, 0.000000, 0.000000, 0.000000, -0.000000, -0.000000, -0.000000, -0.340314, 0.026178, 0.000000, 15.746507, 2.232209, -29.620003, -1.998849, -0.794042, -0.145814, 0.002282, 14.762695, 4.840088, 73.181152
-0.134380, -0.001745, 1052.000000, 0.000000, 2000.000000, 1000.000000, 15.402937, 15.328989, 15.132139, 14.135935, 0.230564, -0.365963, 0.267538, 0.170213, -0.270171, 0.233101, 0.060351, -0.095792, 0.034437, -0.000000, 0.000000, -0.000000, -0.671902, -0.008726, 0.000000, 12.208932, 3.915846, -29.875736, -0.944243, 0.423548, -0.155401, 0.002216, 13.848633, 39.520264, 561.279297
-0.160558, -0.001745, 1070.000000, 0.000000, 2000.000000, 1000.000000, 18.305820, 17.212074, 16.119055, 16.363052, -0.334437, -0.758947, 0.212437, -0.260465, -0.591080, 0.189958, -0.073972, -0.167867, 0.022478, 0.000000, 0.000000, -0.000000, -0.802792, -0.008726, 0.000000, 12.038397, 6.480934, -30.228136, -0.386048, 0.937002, -0.126639, 0.001775, 14.071289, 27.239990, 393.005341
-0.113438, 0.000000, 1070.000000, 0.000000, 2000.000000, 1000.000000, 15.405703, 16.895191, 19.043137, 16.655972, 0.969164, 0.849553, 0.224419, 0.709698, 0.622110, 0.194752, 0.259466, 0.227443, 0.029667, -0.000000, -0.000000, -0.000000, -0.567190, 0.000000, 0.000000, 8.825502, 9.121846, -30.277969, -1.702707, -0.995376, -0.129835, 0.002285, 14.266602, 19.601440, 286.315918
-0.092496, 0.000000, 1070.000000, 0.000000, 2000.000000, 1000.000000, 14.457210, 16.971722, 19.534958, 17.036110, 1.253340, 1.285535, -0.003916, 0.910963, 0.934363, -0.003386, 0.342376, 0.351171, -0.000530, -0.000000, -0.000000, -0.000000, -0.462478, 0.000000, 0.000000, 2.212789, 8.430748, -29.415998, -1.920019, -1.494982, 0.002257, 0.002349, 14.196289, 20.440674, 298.095703
-0.006981, -0.001745, 1063.000000, 0.000000, 2000.000000, 1000.000000, 16.137299, 16.330173, 15.897992, 15.634536, 0.114082, -0.233736, 0.017645, 0.088971, -0.182287, 0.015789, 0.025111, -0.051449, 0.001857, -0.000000, 0.000000, -0.000000, -0.034904, -0.008726, 0.000000, -1.228008, 8.223949, -28.853201, -0.177258, 0.282934, -0.010526, 0.001764, 14.450195, 13.879395, 205.505356
-0.001745, -0.001745, 1044.000000, 0.000000, 2000.000000, 1000.000000, 16.395731, 14.145445, 12.184404, 13.274420, -0.835076, -1.270588, 0.290068, -0.606393, -0.922641, 0.250678, -0.228683, -0.347946, 0.039390, 0.000000, 0.000000, -0.000000, -0.008726, -0.008726, 0.000000, 3.909925, 11.597027, -30.187937, 0.961503, 1.467500, -0.167119, 0.002357, 14.657227, 7.360840, 110.473625
-0.001745, -0.001745, 1045.000000, 0.000000, 2000.000000, 1000.000000, 13.945186, 13.657882, 14.688611, 13.708322, 0.173246, 0.198467, 0.316898, 0.132630, 0.151937, 0.281038, 0.040616, 0.046529, 0.035860, -0.000000, -0.000000, -0.000000, -0.008726, -0.008726, 0.000000, 5.745238, 12.625216, -31.049026, -0.220933, -0.251826, -0.187359, 0.001914, 14.637695, 8.358765, 125.305168
-0.001745, -0.001745, 1045.000000, 0.000000, 2000.000000, 1000.000000, 11.325346, 13.622408, 16.998068, 14.054180, 1.310237, 1.526123, 0.161706, 1.006141, 1.171922, 0.143620, 0.304096, 0.354202, 0.018086, -0.000000, -0.000000, -0.000000, -0.008726, -0.008726, 0.000000, 1.579874, 11.216507, -30.630907, -1.618551, -1.883801, -0.095746, 0.001889, 14.493164, 13.681030, 203.002914
-0.001745, -0.001745, 1045.000000, 0.000000, 2000.000000, 1000.000000, 13.354070, 13.958856, 14.900809, 13.786265, 0.429833, 0.343537, 0.127439, 0.311726, 0.249142, 0.110064, 0.118107, 0.094395, 0.017375, -0.000000, -0.000000, -0.000000, -0.008726, -0.008726, 0.000000, -6.562965, 8.653730, -29.340416, -0.507488, -0.407353, -0.073376, 0.002368, 14.504883, 15.319824, 227.233871
-0.001745, -0.001745, 1046.000000, 0.000000, 2000.000000, 1000.000000, 16.135525, 14.266256, 12.300850, 13.297369, -0.716447, -1.200891, 0.218187, -0.546472, -0.915983, 0.193154, -0.169975, -0.284907, 0.025033, 0.000000, 0.000000, -0.000000, -0.008726, -0.008726, 0.000000, -4.967950, 9.924370, -29.875797, 0.865629, 1.456848, -0.128769, 0.001944, 14.540039, 12.280273, 180.480942
-0.001745, -0.001745, 1046.000000, 0.000000, 2000.000000, 1000.000000, 15.832954, 13.847118, 12.763718, 13.556210, -0.694582, -0.840036, 0.298336, -0.540480, -0.653664, 0.266657, -0.154102, -0.186373, 0.031679, 0.000000, 0.000000, -0.000000, -0.008726, -0.008726, 0.000000, -0.327304, 11.898449, -31.155981, 0.856042, 1.037136, -0.177771, 0.001782, 14.579102, 8.959961, 133.789062
-0.001745, 0.000000, 1055.000000, 0.000000, 2000.000000, 1000.000000, 12.046019, 14.476304, 18.160686, 15.316994, 1.318494, 1.738839, 0.103352, 0.956873, 1.261930, 0.089291, 0.361621, 0.476909, 0.014060, -0.000000, -0.000000, -0.000000, -0.008726, 0.000000, 0.000000, -2.729962, 10.153387, -31.204237, -1.539722, -2.019089, -0.059528, 0.002362, 14.399414, 16.201782, 238.891586
-0.003490, 0.000000, 1065.000000, 0.000000, 2000.000000, 1000.000000, 13.757914, 15.667951, 18.564465, 16.009668, 1.116208, 1.287067, 0.161189, 0.862870, 0.994950, 0.143620, 0.253338, 0.292117, 0.017569, -0.000000, -0.000000, -0.000000, -0.017452, 0.000000, 0.000000, -9.309156, 7.764714, -30.404379, -1.398043, -1.591920, -0.095746, 0.001835, 14.188477, 23.959351, 348.510712
-0.003490, -0.001745, 1070.000000, 0.000000, 2000.000000, 1000.000000, 17.941734, 16.777664, 16.380230, 16.900372, -0.421053, -0.359700, 0.160982, -0.311577, -0.266176, 0.140424, -0.109476, -0.093524, 0.020558, 0.000000, 0.000000, -0.000000, -0.017452, -0.008726, 0.000000, -11.287416, 7.216752, -30.427883, 0.481071, 0.417156, -0.093616, 0.002196, 14.235352, 21.121216, 307.922363
-0.003490, -0.001745, 1070.000000, 0.000000, 2000.000000, 1000.000000, 19.200487, 15.652391, 15.292116, 17.855005, -1.527746, -0.426439, 0.246301, -1.103863, -0.308121, 0.212329, -0.423883, -0.118318, 0.033973, 0.000000, 0.000000, -0.000000, -0.017452, -0.008726, 0.000000, -3.869143, 7.476881, -31.871870, 1.748728, 0.484267, -0.141552, 0.002400, 14.274414, 19.119263, 292.785645
-0.001745, -0.001745, 1070.000000, 0.000000, 2000.000000, 1000.000000, 15.485148, 15.628722, 19.194895, 17.691236, 0.411807, 1.443065, 0.340021, 0.312392, 1.094690, 0.300213, 0.099416, 0.348374, 0.039808, -0.000000, -0.000000, -0.000000, -0.008726, -0.008726, 0.000000, -3.421719, 4.890724, -32.430943, -0.508553, -1.760231, -0.200142, 0.001989, 14.278320, 19.680786, 288.024902
-0.001745, -0.001745, 1060.000000, 0.038394, 2000.000000, 1000.000000, 14.493281, 15.363212, 18.508404, 15.635101, 0.935808, 1.071753, 0.500843, 0.701211, 0.803076, 0.439567, 0.234597, 0.268677, 0.061276, -0.000000, -0.000000, -0.000000, -0.008726, -0.008726, 0.191972, -13.412669, 0.598958, -32.688644, -1.130663, -1.293648, -0.101073, 0.002091, 14.407227, 15.200806, 224.182114
-0.001745, -0.001745, 1057.000000, 0.062827, 2000.000000, 1000.000000, 18.106770, 13.967957, 13.330502, 14.594772, -1.350771, -1.037363, 0.718635, -1.007196, -0.773505, 0.629205, -0.343575, -0.263858, 0.089431, 0.000000, 0.000000, -0.000000, -0.008726, -0.008726, 0.314136, -12.563063, 0.303149, -32.976681, 1.602788, 1.228882, -0.105334, 0.002132, 14.508789, 12.561035, 186.584457
-0.001745, -0.001745, 1059.000000, 0.097731, 2000.000000, 1000.000000, 19.284758, 13.463842, 12.143744, 15.107656, -2.196207, -1.374300, 0.714250, -1.682969, -1.053135, 0.633725, -0.513238, -0.321164, 0.080525, 0.000000, 0.000000, -0.000000, -0.008726, -0.008726, 0.488656, -4.465325, 0.503454, -33.126244, 2.684024, 1.676291, 0.066173, 0.001906, 14.219727, 22.601318, 328.796356
-0.001745, 0.000000, 1048.000000, 0.174520, 2000.000000, 1000.000000, 10.935755, 13.505379, 18.282291, 13.276575, 1.893835, 1.779433, 0.609023, 1.397623, 1.313196, 0.530539, 0.496212, 0.466237, 0.078484, -0.000000, -0.000000, 0.000000, -0.008726, 0.000000, 0.872600, -3.872921, -1.247726, -31.729933, -2.244923, -2.101113, 0.518907, 0.002219, 14.387695, 15.759277, 232.116684
-0.001745, -0.001745, 1046.000000, 0.205934, 2000.000000, 1000.000000, 10.977068, 14.091698, 18.238729, 12.692507, 2.165213, 1.465617, 0.607898, 1.588704, 1.075383, 0.528056, 0.576509, 0.390235, 0.079842, -0.000000, -0.000000, 0.000000, -0.008726, -0.008726, 1.029668, -13.676398, -2.546968, -30.487036, -2.550652, -1.729338, 0.677631, 0.002268, 14.567383, 9.719849, 145.019531
-0.001745, -0.001745, 1047.000000, 0.221640, 2000.000000, 1000.000000, 16.226423, 13.553882, 13.047385, 13.172309, -0.699367, -0.890153, 0.636904, -0.534488, -0.680295, 0.564365, -0.164879, -0.209857, 0.072540, 0.000000, 0.000000, 0.000000, -0.008726, -0.008726, 1.108202, -16.055418, -2.018332, -28.681973, 0.846455, 1.079746, 0.731959, 0.001928, 14.532227, 11.361694, 169.006332
-0.001745, 0.000000, 1048.000000, 0.221640, 2000.000000, 1000.000000, 17.686190, 12.921047, 11.177332, 14.215431, -1.950810, -1.303618, 0.431760, -1.437294, -0.960464, 0.375814, -0.513516, -0.343154, 0.055946, 0.000000, 0.000000, 0.000000, -0.008726, 0.000000, 1.108202, -3.344376, 1.057079, -25.368656, 2.290944, 1.536742, 0.857659, 0.002233, 14.473633, 12.881470, 190.978989
-0.001745, 0.000000, 1048.000000, 0.219895, 2000.000000, 1000.000000, 12.640192, 13.001873, 15.826565, 14.531370, 0.414219, 1.178968, 0.233378, 0.299742, 0.853137, 0.201338, 0.114477, 0.325830, 0.032040, -0.000000, -0.000000, 0.000000, -0.008726, 0.000000, 1.099476, -0.983319, 0.058420, -22.929300, -0.488313, -1.365020, 0.965250, 0.002387, 14.473633, 13.079834, 193.908676
-0.001745, 0.003490, 1048.000000, 0.219895, 2000.000000, 1000.000000, 9.751925, 13.657773, 18.482759, 14.107541, 2.070266, 2.295151, 0.117343, 1.578717, 1.750206, 0.103867, 0.491549, 0.544944, 0.013475, -0.000000, -0.000000, 0.000000, -0.008726, 0.017452, 1.099476, -8.121486, -4.036896, -20.449389, -2.534673, -2.782878, 1.030231, 0.001946, 14.407227, 15.399170, 227.233871
-0.001745, 0.036649, 1048.000000, 0.219895, 2000.000000, 1000.000000, 15.000106, 13.531989, 13.286683, 14.181222, -0.590664, -0.266047, 0.143394, -0.433954, -0.195462, 0.124640, -0.156710, -0.070585, 0.018754, 0.000000, 0.000000, 0.000000, -0.008726, 0.183246, 1.099476, -15.162888, -7.639214, -16.957703, 0.685601, 0.495985, 1.016383, 0.002257, 14.442383, 14.279175, 211.120590
-0.001745, 0.036649, 1048.000000, 0.219895, 2000.000000, 1000.000000, 18.030815, 13.296830, 10.076381, 14.595975, -2.313395, -1.663822, 0.053598, -1.681637, -1.209454, 0.046344, -0.631757, -0.454368, 0.007254, 0.000000, 0.000000, 0.000000, -0.008726, 0.183246, 1.099476, -8.812530, -4.907128, -13.449635, 2.681894, 2.118372, 1.068580, 0.002348, 14.422852, 14.361572, 211.975082
-0.001745, 0.036649, 1048.000000, 0.179756, 2000.000000, 1000.000000, 14.905455, 13.671085, 12.309721, 15.113739, -1.009597, -0.288270, -0.392412, -0.784824, -0.224091, -0.350577, -0.224773, -0.064180, -0.041835, 0.000000, 0.000000, 0.000000, -0.008726, 0.183246, 0.898778, -2.101734, -1.986852, -10.090410, 1.246992, 0.541791, 1.132496, 0.001790, 14.528320, 11.441040, 170.104965
-0.001745, 0.034904, 1048.000000, 0.106457, 2000.000000, 1000.000000, 9.356317, 13.972806, 17.306913, 15.363965, 1.639859, 2.335438, -0.668385, 1.177248, 1.676601, -0.574346, 0.462611, 0.658837, -0.094040, -0.000000, -0.000000, 0.000000, -0.008726, 0.174520, 0.532286, -5.281919, -7.328619, -6.200369, -1.892323, -2.508042, 0.915183, 0.002456, 14.379883, 16.918945, 249.206528
-0.001745, 0.038394, 1048.000000, 0.061082, 2000.000000, 1000.000000, 11.501655, 13.973865, 15.381448, 15.143033, 0.677656, 1.262240, -0.558449, 0.527441, 0.982441, -0.499209, 0.150215, 0.279799, -0.059239, -0.000000, -0.000000, 0.000000, -0.008726, 0.191972, 0.305410, -10.139714, -12.532184, -5.007761, -0.852631, -1.379934, 0.638216, 0.001780, 14.547852, 10.040283, 149.597168
-0.001745, 0.038394, 1048.000000, 0.001745, 2000.000000, 1000.000000, 15.461473, 14.277970, 11.013442, 15.247115, -1.354294, -0.869722, -0.762543, -1.055799, -0.678029, -0.682182, -0.298495, -0.191692, -0.080361, 0.000000, 0.000000, 0.000000, -0.008726, 0.191972, 0.008726, -8.840685, -12.531026, -3.201495, 1.680552, 1.276819, 0.463514, 0.001767, 14.489258, 12.838745, 190.490707
-0.001745, 0.003490, 1070.000000, -0.005236, 2000.000000, 1000.000000, 19.771503, 17.117731, 13.382189, 17.728580, -1.750041, -1.444616, -0.423154, -1.280168, -1.056748, -0.367024, -0.469873, -0.387869, -0.056130, 0.000000, 0.000000, 0.000000, -0.008726, 0.017452, -0.026178, 1.098858, -4.230689, -0.555172, 2.039543, 1.708248, 0.218505, 0.002294, 14.020508, 25.881958, 372.192352
-0.001745, 0.005236, 1070.000000, -0.013962, 2000.000000, 1000.000000, 14.906614, 16.309259, 18.047033, 18.737093, 0.178146, 1.392063, -0.523176, 0.138622, 1.083216, -0.467622, 0.039524, 0.308847, -0.055554, -0.000000, -0.000000, 0.000000, -0.008726, 0.026178, -0.069808, 3.493614, -4.285410, 0.228365, -0.230521, -1.706968, 0.241940, 0.001782, 14.133789, 23.999023, 347.290009
0.000000, 0.050611, 1070.000000, -0.015707, 2000.000000, 1000.000000, 13.057344, 15.335808, 20.214092, 19.392754, 0.774949, 2.803424, -0.364281, 0.603468, 2.183080, -0.325716, 0.171481, 0.620344, -0.038565, -0.000000, -0.000000, 0.000000, 0.000000, 0.253054, -0.078534, 1.182103, -12.228836, 0.389023, -0.965549, -3.239874, 0.138610, 0.001776, 14.032227, 29.199219, 418.823212
0.003490, 0.108202, 1070.000000, -0.001745, 2000.000000, 1000.000000, 19.691530, 16.790833, 13.982336, 17.535303, -1.613416, -1.241180, -0.163068, -1.201889, -0.924598, -0.142708, -0.411527, -0.316582, -0.020360, 0.000000, 0.000000, 0.000000, 0.017452, 0.541012, -0.008726, 3.096028, -15.985342, 1.392351, 1.940475, 2.020369, 0.086413, 0.002140, 14.145508, 23.840332, 345.275848
0.005236, 0.115183, 1070.000000, 0.000000, 2000.000000, 1000.000000, 21.142742, 18.031914, 12.371989, 16.453354, -1.798048, -2.587329, -0.242634, -1.386184, -1.994672, -0.215905, -0.411863, -0.592657, -0.026729, 0.000000, 0.000000, 0.000000, 0.026178, 0.575916, 0.000000, 9.198359, -6.823812, 2.899207, 2.244073, 3.767391, 0.143937, 0.001857, 14.063477, 28.039551, 403.503387
0.022688, 0.139616, 1070.000000, 0.000000, 2000.000000, 1000.000000, 13.428549, 16.252153, 20.041639, 18.277658, 1.146896, 2.159649, -0.264905, 0.842810, 1.587044, -0.230286, 0.304086, 0.572605, -0.034620, -0.000000, -0.000000, 0.000000, 0.113438, 0.698080, 0.000000, 10.751222, -1.269295, 3.968331, -1.235059, -1.841190, 0.153524, 0.002255, 14.083008, 28.439331, 410.278290
0.003490, 0.155323, 1070.000000, 0.001745, 2000.000000, 1000.000000, 13.361920, 13.784698, 21.660034, 19.193348, 0.722367, 3.426692, 0.510977, 0.531152, 2.519626, 0.444328, 0.191215, 0.907065, 0.066649, -0.000000, -0.000000, -0.000000, 0.017452, 0.776614, 0.008726, 7.733341, -9.781679, 3.178673, -0.832391, -3.254787, -0.287493, 0.002250, 14.036133, 26.239014, 379.577606
-0.001745, 0.143106, 1057.000000, 0.001745, 2000.000000, 1000.000000, 16.568682, 13.501188, 12.834976, 17.095152, -1.831918, -0.034936, -0.298170, -1.427973, -0.027232, -0.266731, -0.403945, -0.007703, -0.031439, 0.000000, 0.000000, 0.000000, -0.008726, 0.715532, 0.008726, 10.060937, -13.540461, 3.800243, 2.276031, 0.759104, 0.186547, 0.001768, 14.372070, 15.960693, 234.680161
-0.001745, 0.097731, 1055.000000, 0.001745, 2000.000000, 1000.000000, 20.659300, 17.201288, 9.058342, 13.081071, -1.870185, -3.930294, -0.141179, -1.378705, -2.897421, -0.122922, -0.491481, -1.032873, -0.018258, 0.000000, 0.000000, 0.000000, -0.008726, 0.488656, 0.008726, 21.342590, 3.895822, 5.749479, 2.197201, 5.124530, 0.090674, 0.002228, 14.184570, 21.679688, 315.002441
-0.003490, -0.001745, 1055.000000, 0.001745, 2000.000000, 1000.000000, 14.334212, 17.309145, 15.095819, 13.260823, 1.202482, -0.821679, -0.284984, 0.870859, -0.595075, -0.245959, 0.331623, -0.226604, -0.039025, -0.000000, 0.000000, 0.000000, -0.017452, -0.008726, 0.008726, 21.227028, 12.786166, 6.181156, -1.410826, 0.943393, 0.172699, 0.002380, 14.364258, 16.320801, 240.112289
-0.003490, 0.000000, 1055.000000, 0.000000, 2000.000000, 1000.000000, 9.580633, 14.266520, 19.929487, 16.223360, 2.098003, 3.076424, -0.244940, 1.635181, 2.397761, -0.219101, 0.462822, 0.678662, -0.025839, -0.000000, -0.000000, 0.000000, -0.017452, 0.000000, 0.000000, 15.412730, 7.162865, 7.798148, -2.633742, -3.836418, 0.146067, 0.001769, 14.247070, 19.961548, 291.198730
-0.003490, 0.000000, 1054.000000, 0.000000, 2000.000000, 1000.000000, 15.757898, 11.872068, 14.869463, 17.500570, -1.629235, 1.185017, 0.313681, -1.258991, 0.915721, 0.279440, -0.370244, 0.269295, 0.034241, 0.000000, -0.000000, -0.000000, -0.017452, 0.000000, 0.000000, 15.401240, -8.276200, 7.957367, 1.996933, -1.465154, -0.186293, 0.001838, 14.403320, 14.120483, 208.312973
-0.003490, 0.000000, 1054.000000, 0.000000, 2000.000000, 1000.000000, 20.641071, 14.786633, 9.509285, 15.063011, -2.852041, -2.713852, 0.075178, -2.093886, -1.992432, 0.065323, -0.758154, -0.721420, 0.009855, 0.000000, 0.000000, -0.000000, -0.017452, 0.000000, 0.000000, 23.199293, -3.915216, 8.577294, 3.332766, 3.187891, -0.043549, 0.002263, 14.079102, 26.681519, 384.887665
-0.003490, 0.001745, 1054.000000, 0.000000, 2000.000000, 1000.000000, 17.912968, 17.789860, 11.786521, 12.510650, -0.211809, -2.851414, -0.150255, -0.165104, -2.222667, -0.134413, -0.046705, -0.628748, -0.015843, 0.000000, 0.000000, 0.000000, -0.017452, 0.008726, 0.000000, 26.891514, 7.310120, 8.720209, 0.246715, 3.564992, 0.089608, 0.001768, 14.282227, 17.840576, 261.291504
-0.006981, 0.047120, 1055.000000, 0.000000, 2000.000000, 1000.000000, 9.606877, 14.786286, 20.598314, 15.008521, 2.692301, 2.803418, 0.102596, 1.983132, 2.064981, 0.089291, 0.709168, 0.738437, 0.013304, -0.000000, -0.000000, -0.000000, -0.034904, 0.235602, 0.000000, 17.203709, 6.886657, 10.404897, -3.207916, -3.068367, -0.059528, 0.002235, 14.290039, 17.639160, 258.178711
-0.076789, 0.066318, 1055.000000, 0.000000, 2000.000000, 1000.000000, 12.103798, 11.125345, 18.546486, 18.224371, -0.164085, 3.385428, 0.325142, -0.119192, 2.459197, 0.281038, -0.044892, 0.926232, 0.044104, -0.000000, -0.000000, -0.000000, -0.383944, 0.331588, 0.000000, 13.988646, -4.303473, 10.253564, -0.193237, -3.603127, -0.187359, 0.002354, 14.258789, 20.480347, 298.706055
-0.101222, 0.073298, 1055.000000, 0.000000, 2000.000000, 1000.000000, 18.906418, 11.853215, 11.733296, 17.507069, -3.206744, -0.379817, 0.319858, -2.465209, -0.291987, 0.284234, -0.741535, -0.087830, 0.035624, 0.000000, 0.000000, -0.000000, -0.506108, 0.366492, 0.000000, 19.955658, -7.378727, 10.431720, 3.438227, 0.833672, -0.189489, 0.001880, 14.278320, 18.038940, 263.916016
-0.118674, 0.076789, 1054.000000, 0.000000, 2000.000000, 1000.000000, 17.808186, 17.858826, 11.488854, 12.844134, -0.326160, -2.833505, -0.351480, -0.239429, -2.080034, -0.305387, -0.086731, -0.753471, -0.046093, 0.000000, 0.000000, 0.000000, -0.593368, 0.383944, 0.000000, 27.837988, 8.271523, 10.927424, -0.210281, 3.711998, 0.203591, 0.002264, 14.317383, 17.160034, 251.708969
-0.104712, 0.076789, 1043.000000, 0.000000, 2000.000000, 1000.000000, 9.751537, 17.255482, 17.734158, 11.258823, 3.494820, 0.496491, -0.257152, 2.539250, 0.360738, -0.222296, 0.955570, 0.135753, -0.034856, -0.000000, -0.000000, 0.000000, -0.523560, 0.383944, 0.000000, 19.222754, 11.497215, 13.099090, -4.586360, -0.193237, 0.148198, 0.002352, 14.329102, 15.921021, 233.703598
-0.073298, 0.094241, 1001.000000, -0.003490, 2000.000000, 1000.000000, 5.775920, 9.525311, 14.404635, 10.294133, 1.964973, 2.349384, 0.090278, 1.964973, 2.349384, 0.090278, 0.000000, 0.000000, 0.000000, -0.000000, -0.000000, -0.000000, -0.366492, 0.471204, -0.017452, 8.788539, 2.994543, 14.769652, -3.510449, -3.287810, -0.077637, 0.001765, 18.106445, 0.079346, 1.525879
-0.069808, 0.129145, 1000.000000, -0.005236, 2000.000000, 1000.000000, 11.011881, 7.023296, 9.311872, 12.652950, -1.832415, 0.982411, 0.161877, -1.832415, 0.982411, 0.161877, 0.000000, 0.000000, 0.000000, 0.000000, -0.000000, -0.000000, -0.349040, 0.645724, -0.026178, 10.968346, -7.307000, 14.550487, 2.582825, -0.926134, -0.134096, 0.002384, 14.782227, 1.559448, 23.620604
-0.071553, 0.122164, 1000.000000, 0.000000, 2000.000000, 1000.000000, 13.027572, 8.052600, 7.115858, 11.803971, -2.415771, -0.540086, 0.071715, -2.415771, -0.540086, 0.071715, 0.000000, 0.000000, 0.000000, 0.000000, 0.000000, -0.000000, -0.357766, 0.610820, 0.000000, 19.334621, -3.913480, 15.247402, 3.507468, 1.474957, -0.047810, 0.002378, 14.665039, 5.920410, 88.928215
-0.071553, 0.116928, 1000.000000, 0.000000, 2000.000000, 1000.000000, 12.492263, 9.835025, 7.398700, 10.274013, -1.383137, -1.163644, -0.054518, -1.383137, -1.163644, -0.054518, 0.000000, 0.000000, 0.000000, 0.000000, 0.000000, 0.000000, -0.357766, 0.584642, 0.000000, 25.076365, 3.681360, 15.264073, 1.855254, 2.446472, 0.036346, 0.001768, 14.704102, 4.321289, 65.002441
-0.078534, 0.101222, 1001.000000, 0.000000, 2000.000000, 1000.000000, 9.663663, 11.327689, 10.195342, 8.813306, 0.761515, -0.495676, -0.070497, 0.761515, -0.495676, -0.070497, 0.000000, 0.000000, 0.000000, -0.000000, 0.000000, 0.000000, -0.392670, 0.506108, 0.000000, 22.653471, 11.518596, 16.060520, -1.611095, 1.299189, 0.046998, 0.002262, 14.680664, 5.599976, 84.228508
-0.080279, 0.095986, 1001.000000, 0.000000, 2000.000000, 1000.000000, 8.440325, 11.089725, 11.504967, 8.964983, 1.297346, 0.234975, -0.027354, 1.297346, 0.234975, -0.027354, 0.000000, 0.000000, 0.000000, -0.000000, -0.000000, 0.000000, -0.401396, 0.479930, 0.000000, 16.453413, 11.439048, 17.419077, -2.477149, 0.103970, 0.018236, 0.002053, 14.692383, 4.998779, 75.195312
-0.078534, 0.104712, 1003.000000, 0.000000, 2000.000000, 1000.000000, 8.422116, 10.235810, 11.625440, 9.716634, 0.930625, 0.671036, 0.023778, 0.930625, 0.671036, 0.023778, 0.000000, 0.000000, 0.000000, -0.000000, -0.000000, -0.000000, -0.392670, 0.523560, 0.000000, 10.816993, 8.746241, 18.425261, -1.881670, -0.550098, -0.015852, 0.001885, 14.719727, 4.238892, 63.903805
-0.123909, 0.109948, 1008.000000, 0.000000, 2000.000000, 1000.000000, 9.776860, 9.290427, 10.417701, 10.515012, -0.145936, 0.466357, 0.097281, -0.145936, 0.466357, 0.097281, 0.000000, 0.000000, 0.000000, -0.000000, -0.000000, -0.000000, -0.619546, 0.549738, 0.000000, 7.360216, 5.470423, 18.653679, -0.386048, -0.196432, -0.064854, 0.002336, 14.735352, 3.759766, 56.701656
-0.158813, 0.092496, 1054.000000, 0.000000, 2000.000000, 1000.000000, 15.798480, 14.364013, 14.609637, 15.227870, -0.513175, -0.081246, 0.204059, -0.376184, -0.059558, 0.177175, -0.136991, -0.021688, 0.026883, 0.000000, 0.000000, -0.000000, -0.794066, 0.462478, 0.000000, 6.652348, 5.801459, 18.480671, -0.192171, 0.557770, -0.118117, 0.002276, 13.848633, 38.879395, 551.818848
-0.160558, 0.099476, 1070.000000, 0.000000, 2000.000000, 1000.000000, 17.307459, 17.347975, 17.095804, 16.248762, 0.221889, -0.327718, 0.201631, 0.172962, -0.255455, 0.180371, 0.048927, -0.072263, 0.021260, -0.000000, 0.000000, -0.000000, -0.802792, 0.497382, 0.000000, 4.523062, 7.439744, 18.382858, -1.079531, 0.906109, -0.120247, 0.001768, 13.879883, 32.360840, 459.899872
-0.106457, 0.106457, 1070.000000, 0.000000, 2000.000000, 1000.000000, 15.622385, 18.019983, 18.450937, 15.906693, 1.235461, 0.178816, 0.036662, 0.901954, 0.130545, 0.031768, 0.333507, 0.048270, 0.004894, -0.000000, 0.000000, -0.000000, -0.532286, 0.532286, 0.000000, -4.091734, 7.320066, 19.322407, -1.975413, 0.323413, -0.021178, 0.002311, 14.192383, 20.080566, 291.992188
-0.097731, 0.106457, 1070.000000, 0.000000, 2000.000000, 1000.000000, 17.239727, 16.397903, 17.226604, 17.135765, -0.187746, 0.181185, 0.233166, -0.138032, 0.133209, 0.202741, -0.049714, 0.047976, 0.030425, -0.000000, 0.000000, -0.000000, -0.488656, 0.532286, 0.000000, -7.345675, 6.903461, 19.530369, -0.267805, 0.319152, -0.135161, 0.002251, 14.204102, 20.761108, 301.879883
-0.073298, 0.094241, 1070.000000, 0.000000, 2000.000000, 1000.000000, 18.833256, 15.563358, 15.809244, 17.794140, -1.313699, -0.198307, 0.321250, -1.024406, -0.154637, 0.287429, -0.289292, -0.043670, 0.033821, 0.000000, 0.000000, -0.000000, -0.366492, 0.471204, 0.000000, -6.153240, 8.808522, 18.904446, 1.272558, 0.718624, -0.191620, 0.001765, 14.290039, 17.321777, 253.173813
-0.022688, 0.071553, 1061.000000, 0.000000, 2000.000000, 1000.000000, 15.868615, 16.205620, 16.311550, 15.614217, 0.258584, -0.037117, 0.090083, 0.189023, -0.027132, 0.078106, 0.069561, -0.009985, 0.011976, -0.000000, 0.000000, -0.000000, -0.113438, 0.357766, 0.000000, -3.922112, 12.479301, 18.028486, -0.415876, 0.401177, -0.052071, 0.002300, 14.344727, 16.720581, 239.074692
0.000000, 0.066318, 1061.000000, 0.001745, 2000.000000, 1000.000000, 14.111619, 17.429621, 18.271349, 14.187411, 1.850484, 0.229381, 0.191484, 1.357138, 0.168227, 0.166296, 0.493347, 0.061154, 0.025188, -0.000000, -0.000000, -0.000000, 0.000000, 0.331588, 0.008726, -7.989819, 11.684695, 18.733242, -2.171420, 0.062425, -0.102138, 0.002272, 14.333008, 16.799927, 246.704086
0.000000, 0.062827, 1062.000000, 0.001745, 2000.000000, 1000.000000, 16.043756, 16.138058, 17.029476, 14.788711, 0.583767, -0.090907, 0.536615, 0.447674, -0.069714, 0.476286, 0.136093, -0.021193, 0.060330, -0.000000, 0.000000, -0.000000, 0.000000, 0.314136, 0.008726, -12.701011, 10.699178, 19.031931, -0.716278, 0.425678, -0.308798, 0.001900, 14.360352, 14.639282, 215.209946
-0.001745, 0.054101, 1061.000000, 0.000000, 2000.000000, 1000.000000, 20.017282, 13.338630, 13.287248, 17.356840, -2.687061, -0.677957, 0.652266, -1.941294, -0.489796, 0.562266, -0.745767, -0.188160, 0.090000, 0.000000, 0.000000, -0.000000, -0.008726, 0.270506, 0.000000, -7.128101, 16.317598, 16.108589, 3.097344, 1.054180, -0.374844, 0.002401, 14.137695, 23.080444, 334.228485
-0.001745, 0.054101, 1060.000000, 0.000000, 2000.000000, 1000.000000, 16.294291, 14.819867, 16.311563, 16.574278, -0.434284, 0.442920, 0.302928, -0.319439, 0.325792, 0.263461, -0.114845, 0.117129, 0.039466, 0.000000, -0.000000, -0.000000, -0.008726, 0.270506, 0.000000, -1.737467, 18.972988, 13.724813, 0.502377, -0.250761, -0.175641, 0.002247, 14.348633, 15.560913, 239.074692
-0.001745, 0.024433, 1053.000000, 0.000000, 2000.000000, 1000.000000, 12.028126, 16.587503, 18.904543, 12.479828, 2.746024, 0.692185, 0.466335, 2.020799, 0.509379, 0.405673, 0.725224, 0.182806, 0.060662, -0.000000, -0.000000, -0.000000, -0.008726, 0.122164, 0.000000, -9.807717, 13.108065, 15.290321, -3.242004, -0.692843, -0.270449, 0.002243, 14.415039, 11.959839, 176.574692
-0.005236, -0.001745, 1051.000000, 0.000000, 2000.000000, 1000.000000, 16.400513, 15.103089, 15.037070, 13.459329, 0.070080, -0.751800, 0.718791, 0.054478, -0.584422, 0.642160, 0.015602, -0.167378, 0.076631, -0.000000, 0.000000, -0.000000, -0.026178, -0.008726, 0.000000, -14.684297, 12.145704, 15.347363, -0.113342, 0.926349, -0.428107, 0.001790, 14.469727, 11.999512, 177.673325
-0.005236, -0.001745, 1044.000000, 0.000000, 2000.000000, 1000.000000, 19.109516, 11.304336, 9.925511, 15.660637, -3.385077, -1.206925, 0.517514, -2.440223, -0.870044, 0.445620, -0.944854, -0.336881, 0.071893, 0.000000, 0.000000, -0.000000, -0.026178, -0.008726, 0.000000, -4.971185, 21.016218, 10.945773, 3.878178, 1.383345, -0.297080, 0.002420, 14.372070, 15.161133, 223.083481
-0.006981, -0.001745, 1045.000000, 0.000000, 2000.000000, 1000.000000, 14.666832, 12.026775, 14.167658, 15.138735, -0.902783, 0.653196, 0.417244, -0.674685, 0.488159, 0.365726, -0.228098, 0.165037, 0.051519, 0.000000, -0.000000, -0.000000, -0.034904, -0.008726, 0.000000, 2.667025, 22.816597, 7.347714, 1.044593, -0.789781, -0.243817, 0.002113, 14.493164, 10.519409, 156.005859
-0.005236, -0.001745, 1045.000000, 0.000000, 2000.000000, 1000.000000, 10.309566, 14.365781, 18.172174, 13.152478, 2.268978, 1.662326, 0.240870, 1.769543, 1.296424, 0.215524, 0.499436, 0.365903, 0.025346, -0.000000, -0.000000, -0.000000, -0.026178, -0.008726, 0.000000, -0.030350, 17.886103, 7.702660, -2.857446, -2.083004, -0.143683, 0.001764, 14.391602, 14.361572, 211.791977
-0.005236, 0.000000, 1046.000000, 0.000000, 2000.000000, 1000.000000, 14.251527, 15.246844, 14.795403, 11.706225, 1.021124, -0.749186, 0.523466, 0.745564, -0.547010, 0.453610, 0.275560, -0.202175, 0.069856, -0.000000, 0.000000, -0.000000, -0.026178, 0.000000, 0.000000, -11.907328, 12.463556, 9.863311, -1.219080, 0.875217, -0.302406, 0.002310, 14.446289, 12.561035, 185.791000
-0.005236, 0.000000, 1046.000000, 0.000000, 2000.000000, 1000.000000, 18.583397, 13.177555, 10.456772, 13.782276, -2.182837, -1.880476, 0.520085, -1.603329, -1.381240, 0.452012, -0.579507, -0.499236, 0.068073, 0.000000, 0.000000, -0.000000, -0.026178, 0.000000, 0.000000, -10.204467, 17.572773, 8.556274, 2.539149, 2.209985, -0.301341, 0.002259, 14.333008, 15.600586, 229.003891
-0.005236, 0.000000, 1046.000000, 0.000000, 2000.000000, 1000.000000, 17.308689, 11.286268, 11.518974, 15.886071, -2.597379, -0.297477, 0.413831, -1.974172, -0.226102, 0.365726, -0.623207, -0.071376, 0.048105, 0.000000, 0.000000, -0.000000, -0.026178, 0.000000, 0.000000, -1.414458, 22.477137, 4.800146, 3.132498, 0.361763, -0.243817, 0.001973, 14.477539, 10.559082, 156.494141
-0.005236, 0.000000, 1062.000000, 0.000000, 2000.000000, 1000.000000, 12.440018, 14.701111, 20.387314, 16.471558, 1.544213, 2.429436, 0.413666, 1.133051, 1.782575, 0.359334, 0.411162, 0.646861, 0.054331, -0.000000, -0.000000, -0.000000, -0.026178, 0.000000, 0.000000, 2.201262, 15.327809, 2.226758, -1.839060, -2.852120, -0.239556, 0.002268, 13.875977, 35.919189, 510.131805
-0.005236, -0.001745, 1061.000000, 0.000000, 2000.000000, 1000.000000, 13.502241, 17.322664, 18.764334, 14.410759, 2.043500, 0.587547, 0.133287, 1.517210, 0.436228, 0.116456, 0.526290, 0.151319, 0.016832, -0.000000, -0.000000, -0.000000, -0.026178, -0.008726, 0.000000, -4.859066, 9.537874, 3.382161, -2.453714, -0.706691, -0.077637, 0.002168, 14.106445, 23.281860, 336.303680
-0.005236, 0.000000, 1060.000000, 0.000000, 2000.000000, 1000.000000, 19.253157, 16.716669, 13.278967, 14.751207, -1.002182, -1.984913, 0.266062, -0.780418, -1.545690, 0.237895, -0.221764, -0.439223, 0.028167, 0.000000, 0.000000, -0.000000, -0.026178, 0.000000, 0.000000, -6.851877, 12.382288, 3.428358, 1.222491, 2.473103, -0.158597, 0.001776, 14.243164, 17.880249, 260.925293
-0.005236, 0.000000, 1060.000000, 0.000000, 2000.000000, 1000.000000, 20.738043, 14.311079, 11.877298, 17.073580, -2.905812, -1.524561, 0.307671, -2.227837, -1.168855, 0.273048, -0.677975, -0.355706, 0.034623, 0.000000, 0.000000, -0.000000, -0.026178, 0.000000, 0.000000, 1.040799, 19.835636, 0.658641, 3.538361, 1.870167, -0.182032, 0.001902, 14.071289, 24.481201, 352.416962
-0.005236, 0.000000, 1066.000000, 0.000000, 2000.000000, 1000.000000, 11.037086, 13.623246, 21.251062, 18.088606, 1.437155, 3.669835, 0.144074, 1.042504, 2.662078, 0.124445, 0.394650, 1.007756, 0.019629, -0.000000, -0.000000, -0.000000, -0.026178, 0.000000, 0.000000, 6.608093, 13.927444, -1.809587, -1.694185, -4.259325, -0.082963, 0.002366, 14.184570, 19.961548, 289.916992
-0.012216, -0.001745, 1070.000000, 0.000000, 2000.000000, 1000.000000, 11.861262, 16.957548, 22.238958, 16.942232, 2.598254, 2.590595, 0.050111, 1.999395, 1.993502, 0.044551, 0.598859, 0.597094, 0.005560, -0.000000, -0.000000, -0.000000, -0.061082, -0.008726, 0.000000, -1.657357, 2.807947, -0.869094, -3.260114, -3.198329, -0.029700, 0.001872, 13.965820, 26.440430, 378.417938
-0.033159, -0.001745, 1073.000000, 0.000000, 2000.000000, 1000.000000, 19.343863, 18.056723, 14.458835, 16.140581, -0.742223, -1.700292, -0.098652, -0.554759, -1.270847, -0.086476, -0.187464, -0.429445, -0.012176, 0.000000, 0.000000, 0.000000, -0.165794, -0.008726, 0.000000, -5.691525, 1.550030, -0.732906, 0.721820, 2.024630, 0.057651, 0.002112, 14.047852, 24.200439, 348.388641
-0.029668, -0.001745, 1073.000000, 0.000000, 2000.000000, 1000.000000, 21.915836, 15.738331, 11.358295, 18.987537, -3.451687, -1.827084, -0.362934, -2.527894, -1.338092, -0.314974, -0.923793, -0.488992, -0.047960, 0.000000, 0.000000, 0.000000, -0.148342, -0.008726, 0.000000, 9.282914, 15.040360, -2.712915, 3.896287, 2.132221, 0.209983, 0.002284, 14.036133, 25.759888, 369.995087
-0.013962, -0.001745, 1072.000000, 0.000000, 2000.000000, 1000.000000, 13.024230, 15.464610, 19.978630, 19.532528, 0.721621, 2.755580, -0.498569, 0.562501, 2.147964, -0.446000, 0.159120, 0.607616, -0.052569, -0.000000, -0.000000, 0.000000, -0.069808, -0.008726, 0.000000, 13.536180, 12.757914, -3.243244, -0.969810, -3.445468, 0.297334, 0.001768, 14.176758, 19.720459, 286.315918
-0.006981, -0.001745, 1062.000000, 0.000000, 2000.000000, 1000.000000, 9.006592, 16.149904, 22.383076, 16.460430, 3.266489, 3.421752, -0.305167, 2.403244, 2.517475, -0.265439, 0.863245, 0.904277, -0.039727, -0.000000, -0.000000, 0.000000, -0.034904, -0.008726, 0.000000, -2.232172, -7.635263, -1.868999, -3.880094, -4.036686, 0.176960, 0.002245, 14.067383, 23.001099, 331.298798
-0.005236, -0.001745, 1045.000000, 0.000000, 2000.000000, 1000.000000, 16.739801, 14.790136, 10.660860, 13.809202, -1.274502, -1.764969, -0.299669, -0.985480, -1.364723, -0.267037, -0.289022, -0.400246, -0.032632, 0.000000, 0.000000, 0.000000, -0.026178, -0.008726, 0.000000, -5.756093, -9.808771, -2.001858, 1.550590, 2.174831, 0.178025, 0.001833, 14.461914, 15.841675, 233.581528
-0.005236, -0.001745, 1031.000000, 0.000000, 2000.000000, 1000.000000, 21.425667, 13.140347, 3.628656, 13.805329, -4.615499, -4.283007, -0.472838, -3.524788, -3.270869, -0.418836, -1.090710, -1.012138, -0.054002, 0.000000, 0.000000, 0.000000, -0.026178, -0.008726, 0.000000, 5.905459, 1.964475, -0.607600, 5.613483, 5.224664, 0.279224, 0.001934, 14.211914, 18.441772, 268.615723
-0.005236, -0.001745, 1007.000000, 0.000000, 2000.000000, 1000.000000, 9.253842, 9.121364, 10.311152, 11.313642, -0.283742, 0.812397, -0.217503, -0.283742, 0.812397, -0.217503, 0.000000, 0.000000, 0.000000, 0.000000, -0.000000, 0.000000, -0.026178, -0.008726, 0.000000, 20.947891, 11.436442, -1.830312, 0.427809, -1.308561, 0.145002, 0.002249, 15.141602, 0.479126, 7.385253
-0.005236, -0.001745, 1009.000000, 0.000000, 2000.000000, 1000.000000, 4.958856, 9.305787, 14.590159, 11.145198, 1.947973, 2.867679, -0.225492, 1.947973, 2.867679, -0.225492, 0.000000, 0.000000, 0.000000, -0.000000, -0.000000, 0.000000, -0.026178, -0.008726, 0.000000, 16.237247, 2.650447, -0.889485, -3.142935, -4.597012, 0.150328, 0.001790, 14.583008, 7.238770, 102.722160
-0.005236, -0.001745, 1003.000000, 0.000000, 2000.000000, 1000.000000, 5.307461, 9.379290, 14.733704, 10.579546, 2.056497, 2.656624, 0.020582, 2.056497, 2.656624, 0.020582, 0.000000, 0.000000, 0.000000, -0.000000, -0.000000, -0.000000, -0.026178, -0.008726, 0.000000, 6.346918, -10.051699, -1.422601, -3.316572, -4.259325, -0.013722, 0.001785, 14.567383, 7.440186, 111.022942
-0.005236, -0.001745, 1003.000000, 0.000000, 2000.000000, 1000.000000, 9.543059, 9.962651, 9.977195, 10.517095, -0.030077, 0.247145, -0.239873, -0.030077, 0.247145, -0.239873, 0.000000, 0.000000, 0.000000, -0.000000, -0.000000, 0.000000, -0.026178, -0.008726, 0.000000, -1.135942, -19.300249, -2.928006, 0.021945, -0.404158, 0.159915, 0.002284, 14.668945, 4.360962, 65.490723
-0.005236, -0.001745, 1003.000000, 0.000000, 2000.000000, 1000.000000, 11.417780, 10.335625, 7.933098, 10.313498, -0.865639, -0.876702, -0.324561, -0.865639, -0.876702, -0.324561, 0.000000, 0.000000, 0.000000, 0.000000, 0.000000, 0.000000, -0.026178, -0.008726, 0.000000, 1.323410, -17.608835, -1.581473, 1.358844, 1.393997, 0.216374, 0.001878, 14.629883, 5.520630, 82.702629
-0.005236, -0.001745, 1003.000000, 0.000000, 2000.000000, 1000.000000, 11.589552, 10.396877, 8.048944, 9.964626, -0.777089, -0.993215, -0.180751, -0.777089, -0.993215, -0.180751, 0.000000, 0.000000, 0.000000, 0.000000, 0.000000, 0.000000, -0.026178, -0.008726, 0.000000, 5.329098, -13.198753, -0.013087, 1.217165, 1.580418, 0.120501, 0.001781, 14.688477, 3.640747, 54.809566
-0.005236, -0.001745, 1010.000000, 0.000000, 2000.000000, 1000.000000, 10.734464, 11.123841, 10.776193, 11.365502, -0.049983, 0.070848, -0.244672, -0.036735, 0.052069, -0.212709, -0.013248, 0.018778, -0.031963, 0.000000, -0.000000, 0.000000, -0.026178, -0.008726, 0.000000, 7.815900, -9.873039, 0.974873, 0.032598, -0.092037, 0.141806, 0.002254, 14.665039, 4.638672, 70.922852
-0.005236, -0.001745, 1009.000000, 0.000000, 2000.000000, 1000.000000, 8.756500, 9.667974, 10.952305, 10.623220, 0.310140, 0.787763, -0.145598, 0.310140, 0.787763, -0.145598, 0.000000, 0.000000, 0.000000, -0.000000, -0.000000, 0.000000, -0.026178, -0.008726, 0.000000, 7.045640, -11.904943, 1.131441, -0.522401, -1.269147, 0.097065, 0.001907, 14.559570, 9.359741, 139.587402
-0.005236, -0.001745, 1035.000000, 0.001745, 2000.000000, 1000.000000, 11.893441, 12.788577, 13.672017, 13.645965, 0.230297, 0.658990, -0.217271, 0.174319, 0.498812, -0.191631, 0.055977, 0.160178, -0.025640, -0.000000, -0.000000, 0.000000, -0.026178, -0.008726, 0.008726, 4.745831, -17.464081, 1.140102, -0.305089, -0.806825, 0.136480, 0.002007, 14.469727, 10.360718, 153.625488
-0.005236, -0.001745, 1021.000000, 0.001745, 2000.000000, 1000.000000, 12.532182, 12.474412, 11.149459, 11.843947, -0.188065, -0.503297, -0.159180, -0.139266, -0.372702, -0.138900, -0.048799, -0.130595, -0.020279, 0.000000, 0.000000, 0.000000, -0.026178, -0.008726, 0.008726, 4.717971, -17.632574, 1.459376, 0.196648, 0.587597, 0.101326, 0.002190, 14.446289, 11.679077, 172.912582
-0.005236, -0.001745, 1017.000000, 0.001745, 2000.000000, 1000.000000, 11.835148, 11.645695, 9.898514, 10.620644, -0.227896, -0.740421, -0.133169, -0.174553, -0.567112, -0.118128, -0.053343, -0.173309, -0.015042, 0.000000, 0.000000, 0.000000, -0.026178, -0.008726, 0.008726, 5.471427, -15.308399, 1.917716, 0.253106, 0.898652, 0.087478, 0.001910, 15.032227, 0.000000, 0.610352
-0.005236, -0.001745, 1000.000000, 0.001745, 2000.000000, 1000.000000, 9.203281, 10.217209, 10.087488, 10.492022, 0.152348, 0.289755, -0.354615, 0.152348, 0.289755, -0.354615, 0.000000, 0.000000, 0.000000, -0.000000, -0.000000, 0.000000, -0.026178, -0.008726, 0.008726, 5.369827, -14.279284, 2.569545, -0.269935, -0.472334, 0.245136, 0.002333, 14.747070, 2.920532, 44.006344
-0.005236, -0.001745, 1000.000000, 0.001745, 2000.000000, 1000.000000, 9.066396, 10.118405, 10.307464, 10.507735, 0.212935, 0.407599, -0.313070, 0.212935, 0.407599, -0.313070, 0.000000, 0.000000, 0.000000, -0.000000, -0.000000, 0.000000, -0.026178, -0.008726, 0.008726, 5.011391, -15.196063, 2.780008, -0.366874, -0.660885, 0.217439, 0.001778, 14.649414, 7.080078, 106.018059
